745
9701
5696
4895
1958
4094
1958
8633
7743
7298
267
8989
9345
2314
1424
7298
6586
3649
7743
801
267
4806
3738
2047
8099
4183
6052
9345
89
1602
5251
89
267
979
2759
4272
7565
178
7476
2403
8188
5696
2581
8366
5607
7832
267
7832
4272
7565
5251
9612
1513
9523
4361
3738
5874
2581
9790
534
9701
5785
2937
2848
8277
9790
1424
9167
2403
1424
712
9790
6052
6675
3649
3293
3026
445
5874
1424
8010
9078
8188
2403
7743
8277
8722
7031
2403
801
8989
8455
7387
8544
6319
8366
9434
7476
1246
5785
9701
3738
9701
2492
9345
8633
4005
7298
3204
6408
8277
1602
6230
3738
5785
6319
7832
2759
4272
1691
712
2136
9968
3115
6052
8188
1958
1335
8633
9879
7654
4183
5607
356
7743
9612
9879
5251
5340
3916
6319
6853
1068
9078
7298
4717
2403
8010
6853
2225
8366
7120
7298
89
5429
623
3738
3471
7654
8989
2492
3916
2136
5073
3471
7387
9879
1157
4005
6942
6052
4984
89
6764
3827
3738
2581
3293
4272
3293
5785
9078
2759
8989
267
979
3649
5696
3560
8010
3204
3204
9879
4272
8544
1958
356
1602
9523
2314
9879
1958
9345
7387
1246
2314
5251
9345
2047
3738
6141
6408
445
6408
7209
9434
445
4628
4450
8099
1869
2492
5874
2670
6052
7387
2492
2848
6497
1958
4984
4539
4005
445
8277
2492
5518
7565
712
6675
2670
4005
5696
712
5162
3382
4005
3560
4628
534
2848
6319
4005
7387
6497
7565
8366
4183
6497
6141
7743
7654
3026
1513
3916
3560
4628
3115
890
9523
8544
1958
1157
8900
9078
4361
2581
9345
6408
979
9523
9968
1958
6764
4628
8010
1513
4450
4450
89
7031
4272
2581
9256
3115
2047
890
9256
89
4895
534
6586
9612
2403
2047
8455
5548
5340
89
5874
6408
1869
2581
6408
4450
7654
4450
7298
4717
9434
7654
9612
445
6942
3560
445
5073
9256
3827
4895
445
5963
2136
623
9167
3293
5785
1424
4183
9345
89
7921
4005
8277
8455
6052
6230
6764
3382
178
6942
6408
8366
1157
890
445
5607
6141
8010
2047
9968
89
8010
8811
5874
979
5251
1869
1513
4539
4539
534
9256
3293
4628
2670
9968
1780
7743
4450
7743
6230
4094
6764
4895
9879
4984
7209
4094
5340
534
2314
9879
2937
5607
6853
3471
7298
8592
9612
445
1
9701
9790
9701
9790
9523
9968
9523
9612
9968
9879
9879
9790
9968
9879
9701
9879
9701
9612
9523
9968
9523
9968
9612
9523
9701
9790
9968
9612
9790
9612
9968
9879
9701
9701
9612
9790
9523
9968
9701
9523
9968
9968
9523
9790
9523
9612
9790
9879
9790
9701
9523
9523
9701
9701
9879
9790
9523
9523
9612
9790
9790
9968
9612
9790
9968
9523
9612
9968
9879
9790
9968
9523
9790
9701
9701
9879
9612
9612
9879
9523
9523
9701
9790
9701
9879
9790
9701
9879
9879
9968
9968
9612
9701
9612
9701
9879
9701
9968
9879
9523
9612
9701
9790
9523
9968
9968
9523
9968
9523
9879
9879
9790
9701
9701
9790
9612
9612
9879
9701
9612
9968
9701
9612
9968
9968
9612
9523
9523
9879
9701
9612
9879
9879
9523
9790
9790
9523
9612
9968
9701
9701
9612
9790
9790
9968
9523
9968
9879
9879
9968
9612
9879
9968
9968
9968
9612
9790
1602
89
1
9879
9879
7832
7476
7565
7921
9523
9523
8010
9701
9078
9612
8455
8455
8188
9078
8989
7565
8722
8277
9167
9879
8366
7743
9790
9078
9612
8544
7832
8010
8099
8366
8811
9879
7565
7832
8188
7565
9968
9968
7476
8099
7743
9345
8010
8811
8811
8010
9434
9078
9612
8188
8455
7654
8900
8544
9968
9612
8277
8722
9167
9345
8277
9434
7476
9523
7565
7832
9523
7832
9968
8277
9345
7387
7654
8010
7743
9879
7654
7565
9256
8722
8099
9078
8455
7476
9256
8989
7387
8277
8633
8633
8188
7565
7832
8633
8989
9790
9879
8366
9167
8900
8811
9612
9345
8010
9968
9434
9345
7921
9612
8633
8811
8544
8544
9167
9345
9167
8366
9612
7387
8811
8366
7832
9790
7565
7743
9701
8989
7832
8010
9434
8366
7921
7387
8010
7565
8277
9612
8722
8010
9790
8099
9345
7565
8811
9879
7476
7832
7387
7832
9434
7476
7387
7387
8455
8188
7565
7476
9167
9345
8366
8455
9256
9612
8633
8544
9434
8366
9078
7832
9256
9256
9879
9701
9256
9167
4005
356
89
356
89
89
89