5555
5947 4558
6921 6398
4060 2465
2431 8270
6884 7944
8446 732
4608 6532
2026 8230
7200 3174
8979 8413
8023 4321
4253 5707
9005 8097
6656 3375
839 1213
8616 7327
3729 9760
4814 230
8770 4330
647 506
5561 4087
6556 8498
2995 3356
4 1380
6864 4691
8066 9327
9527 9214
9477 2051
4353 6910
7664 1443
1081 4829
6093 4447
2043 1383
3662 1309
5184 9494
2229 2984
7541 1205
2546 1200
7947 2926
1235 5368
3485 2760
4015 7584
7676 6496
5399 8742
2530 7362
1456 5344
2683 366
8695 6098
5414 7650
8023 432
1162 6405
7206 9327
9173 4328
873 6190
5102 531
7774 6021
2951 6360
7182 9050
3361 4565
7605 1194
3848 2046
102 4031
1470 7337
132 6893
3075 4374
2263 6021
8062 6964
1164 756
7042 6181
2836 4578
2867 9688
5162 1460
6484 211
7831 8929
8374 468
9665 6910
2679 6553
6583 8947
1105 4329
4552 8326
3435 9422
160 6774
4761 9520
6174 6526
2358 6715
9343 8304
78 1005
5961 3828
6876 5305
7741 9584
1384 9956
6981 1690
5725 6760
6058 5574
7105 5761
2557 889
1611 877
3495 1160
5657 3117
4401 8526
6558 7251
3637 6901
4952 6414
3004 1217
6372 8625
3858 9483
8134 4842
2135 4490
3375 3847
8135 393
3215 6115
3292 2721
5380 6471
7504 9360
946 6036
5550 4257
2831 254
6465 3739
1015 3160
6711 9553
5709 2023
1768 1556
7891 9459
7625 7928
2293 3084
9294 3870
7766 1592
4397 4628
9538 4287
9498 9885
2129 1996
314 6433
1705 7267
816 1887
1896 753
6797 3285
8465 9549
2802 8125
6314 4890
2368 5975
1161 7698
2291 7415
4427 7354
5758 2173
7748 8566
717 4327
3363 8742
853 3549
9521 1911
1720 6373
1183 4760
512 6860
6340 4055
3949 3269
4005 5521
8628 5039
9662 5899
5518 1085
8055 7233
3944 9617
5147 9329
4247 5903
7016 8969
715 9412
1017 7419
443 760
6170 3667
7454 6090
2873 9032
9886 6335
1529 5964
4485 1225
2312 6701
1427 7713
8257 5868
7710 1935
8171 6297
4039 295
6557 5797
9198 2013
8793 1639
4908 8483
6603 7814
8427 6076
5408 319
2504 1216
8657 4431
8231 278
1725 118
1869 5349
4234 7275
4685 6458
1482 3179
2047 269
3887 7010
1739 555
5835 4032
5690 6870
3980 9895
4463 8713
5899 6537
5313 34
7147 2057
4401 8392
9098 1177
2509 657
917 2428
4557 5449
4561 8714
306 775
2913 2586
3628 8719
9293 2163
9415 4269
1291 7237
5817 4111
9644 8632
7696 7281
6453 2626
8356 9858
4854 8011
5714 3585
8714 1100
9992 34
9577 8818
6717 4279
6270 9944
7749 3873
9718 4206
3223 3887
4613 9510
9862 6142
8453 7450
7484 1953
1888 1995
1949 6895
7714 3943
5207 4829
6803 608
5355 2052
1634 680
8986 5374
5489 2933
6116 7822
9351 9546
376 6545
120 8389
18 4111
8486 1577
9962 589
4532 1744
6759 8103
6992 1998
7386 935
8244 776
2820 5867
5598 1568
8469 1476
4203 6303
7059 7665
5569 2098
6725 9881
2408 8342
657 4772
8334 328
5968 4561
6989 1801
7034 1258
9305 8843
9056 2046
3133 1460
5864 6817
3097 687
6058 935
3818 2565
9018 1161
7453 4066
2711 1595
5096 7676
5629 1157
5827 2834
7007 4714
8775 2056
8027 7666
4704 6337
2465 1201
9929 96
4301 3747
8700 2052
1345 5886
3232 966
3658 4306
9180 7148
1682 3222
8504 94
1029 6771
67 7208
9794 6960
8632 4528
9394 6297
9828 1319
7977 9584
6317 461
7598 5561
4577 1029
4587 3794
1379 6155
1595 3206
9190 7955
4047 7189
2161 9112
706 1746
2581 7319
5703 4357
6274 7379
6476 7772
3887 1013
9645 2247
3834 6031
2034 7842
9206 5914
1590 6120
2601 7845
6993 4392
8353 5082
6646 5017
1184 1359
5280 2390
5146 2111
9365 7455
3816 9381
4406 1148
1584 8145
8380 4369
5078 1672
964 6938
4809 1836
122 9001
267 2390
3669 6302
7827 2895
8769 7524
229 5137
1382 2498
9666 498
4924 5402
3539 1980
1293 138
5771 6194
4708 5828
2612 2130
3085 8259
1074 6379
5979 6322
5619 626
1740 3333
8986 312
7165 1945
8084 6257
9561 2159
3844 2591
2838 958
9601 206
3790 3350
5056 7737
7566 2401
6158 3317
7218 6888
4579 9449
4597 2840
2620 7520
7317 6289
6705 9027
8792 9480
4445 9684
4112 9931
3624 5686
4578 3060
1472 8451
6457 37
8059 7419
92 2388
2819 9221
7155 8626
4694 3580
4817 9226
4226 9548
9443 8485
2844 5017
3624 8226
3666 7279
7061 4291
9461 2459
6584 1607
9848 9213
737 3406
3197 8860
879 4989
8810 8543
3426 1249
6689 5891
6214 1159
1755 4437
6764 1346
1165 7808
4242 7028
5285 1905
9333 2476
9299 7893
4187 4769
318 3337
5109 2836
1464 1232
195 656
9946 1385
9937 9642
1392 299
6780 4189
1384 590
5890 2979
7578 4323
2176 7546
7500 6821
2168 1790
8083 9604
8120 2209
305 5086
6180 3127
9115 6806
5924 3464
3511 5955
1471 5504
2067 4301
9320 9512
1764 8516
2591 8946
3598 5093
7307 500
2885 1135
4474 1825
9631 5163
9117 9739
6902 8218
2411 1962
3257 9671
3304 1174
8389 5968
1481 3794
898 5842
5906 9858
7494 860
4964 5486
1825 4774
2928 762
6801 5942
7467 6394
4840 6918
1187 837
8563 8966
6167 7806
762 3411
5905 312
4721 81
2799 9953
6563 5794
7531 1835
2610 3205
931 5239
514 5560
4214 5791
876 8855
2118 6791
2819 7152
6721 2879
8191 2195
370 4831
920 517
206 3680
9628 4374
6525 4286
2480 8365
3273 8950
4841 6209
9799 5105
790 671
3769 1037
9404 4162
9942 5984
6628 6375
3625 3921
1598 5574
6616 5918
5411 8170
9693 9128
7664 1810
7495 1726
5841 326
7273 521
2256 3809
9567 9963
1801 8309
1574 7234
947 6390
3373 6638
9693 8111
5194 311
6447 521
9127 2231
1219 7974
7613 233
1329 918
4531 432
3280 7108
3179 5328
1647 9446
1503 1109
4262 6340
3623 2572
5487 2012
8636 4203
8488 9059
726 3167
4756 5625
8128 3692
3177 2141
641 1378
1576 6335
4807 6524
625 9325
3373 6226
7947 7354
7221 9575
436 5360
6403 4850
6948 9568
3467 5850
5979 9580
1600 6
2499 2857
3558 2311
9894 8596
7618 2852
8282 8827
9408 9525
104 3272
5567 1626
8477 7453
2092 891
8682 2709
2733 5368
1232 3111
2021 9051
1602 3184
2222 8129
9276 2444
6464 8937
6543 717
608 3481
1670 6370
4447 759
4325 8040
2880 1254
4833 346
523 1133
6489 9226
697 5084
6570 2277
1649 8278
5257 7005
1788 4835
8811 9442
6205 8171
2889 1533
8647 193
5787 2776
8132 5999
2015 1223
4068 8054
4446 2729
4941 2829
3348 8100
7215 8759
9123 1105
3295 7202
6932 6079
1321 6032
8643 2488
2262 555
2221 9924
9956 3484
1843 8614
2692 51
8053 2622
3549 65
3284 3074
5715 8862
2249 2716
8608 6996
5776 4758
6159 9878
8854 4016
2204 8013
8304 9271
3803 1768
3005 9210
5852 5356
9048 4404
3717 2392
8718 1996
8598 3453
2545 1046
2834 3962
6768 7249
5359 6247
3882 2448
5754 944
2487 2156
3770 875
6535 6993
1109 2615
1018 5564
2397 8420
4314 7254
3807 3591
8017 6927
1760 2150
8536 6816
1788 6710
6766 2687
5343 4769
3948 1669
1642 2683
9884 7192
8458 6084
4721 4451
7764 3797
8707 1718
2033 3691
709 8668
639 4045
9532 3329
3825 7261
4178 129
9463 6647
9402 2273
1460 5861
4723 4345
715 2218
1860 9223
3003 5723
7027 4122
5588 1378
209 5720
6052 1007
9022 1712
8509 2627
4045 294
3719 3425
9395 7219
9270 2664
4976 2568
3399 932
7893 2768
7884 1125
1958 734
8040 2065
1069 4209
4690 3453
6312 3675
2883 6829
1736 5842
9536 684
2093 7070
8056 7875
2790 4485
8220 334
5326 3095
8411 4780
1924 9870
1419 359
6581 574
8338 1276
177 8445
8523 6040
972 3048
1684 4722
7499 3879
3036 9521
7568 7999
48 6030
8909 951
1606 7920
2292 2781
7478 8946
2935 4005
3046 7526
9787 3882
9039 6873
4717 9994
1894 3117
5637 3491
2135 7369
3189 1598
2418 3673
7605 7158
6884 3031
4391 7561
4667 2100
2849 7264
7542 9782
2530 5428
7826 1620
624 4556
9993 6888
6288 4486
8122 2512
7588 7178
5328 14
596 5503
882 5303
7562 5819
8220 2070
1921 693
5497 4490
6716 6998
8422 4819
7146 945
6162 2008
3252 9454
1344 2566
2844 7945
5446 434
7714 6433
4062 6749
5023 9058
4707 2599
7802 2985
1264 2568
7405 5820
9366 9237
2658 1609
4944 4237
5571 197
1140 2628
2742 5900
3579 1429
9287 3890
4983 239
2201 2397
9258 7744
3944 1809
6036 6899
6945 6288
3753 410
1720 6288
9737 1750
9685 3024
4239 9680
9361 3903
5860 9836
9369 9118
98 7642
3992 3005
8226 9310
2159 3874
6808 2835
4754 9954
5143 179
6398 5391
7794 5775
1213 4356
7420 7545
1225 991
5 5947
183 4135
7750 3104
5808 9663
9075 8946
7072 8351
717 2346
7256 8530
690 421
515 2013
6670 5091
7378 8637
2041 4622
1905 5890
6184 8262
6094 7863
260 1259
8851 9903
1518 10
3420 4087
9708 6061
8542 1837
8586 6214
1330 1639
8480 5301
1524 9378
4342 4663
7184 3124
9370 5163
858 6568
5404 4666
486 4144
2196 9770
7148 4074
8935 6492
4241 6696
5793 7639
6251 882
9530 7726
7865 2737
726 8749
4739 2259
9321 3135
2292 2621
9852 3060
7336 3282
2432 9338
6342 4120
445 2279
3981 1130
510 1438
2681 7845
3757 4672
3564 9105
5447 4973
2683 5989
3550 1236
4026 5656
2392 9398
1858 6658
9277 3595
404 5445
7006 7130
1182 4210
7109 4052
8628 3088
3225 590
5597 4551
6381 9092
4375 3331
7135 736
1745 4614
502 6520
3642 5522
5067 4574
1757 2623
1006 6554
5083 404
3694 2787
9816 8322
9916 5657
8942 805
9813 8411
4829 8792
2152 7702
8206 938
6333 8555
7651 8960
1335 9231
8986 8647
8293 6699
1994 5007
5568 7932
5200 6141
4402 4079
9924 8912
5169 7421
7672 1576
1897 4738
8828 1329
2054 5575
1155 1644
6097 9374
9534 1756
8208 178
372 3109
5326 2590
7303 3898
6777 3181
1860 8661
1296 5499
7854 3125
1611 3634
8179 8831
5221 2151
261 3589
4112 9694
1777 3459
5259 5908
9133 935
7836 646
6616 58
3599 3699
62 577
6538 8374
739 2220
5401 7654
9543 9798
400 8586
9539 8016
5968 4166
1769 9920
2836 1632
1593 6947
6493 3066
3041 8261
3009 7027
6402 1464
1563 6626
5649 2035
1823 9293
7116 9776
5089 3515
8987 599
766 7124
6001 3760
8893 7700
8175 1352
5000 8910
3785 7067
2429 2926
7244 827
8064 941
7423 1390
1029 9399
4954 6634
8885 1913
7748 5895
7354 9035
1282 9006
3814 4540
747 3477
5540 666
7722 2743
1564 1201
863 7616
7858 4079
7975 9612
3201 4758
5234 1458
1877 3294
7699 9251
549 1928
432 7606
5728 9660
2321 722
5187 7322
6452 4966
9722 1648
5523 9584
2136 6030
6393 6052
2276 3983
3684 3500
780 9131
2040 7836
6436 4536
7652 1727
9312 9144
6011 9763
3166 4799
3961 7418
6620 2019
8238 7499
6450 4634
9165 8974
3971 7956
6373 1892
7373 7635
965 4119
2978 7909
9937 7828
8620 7430
2337 8004
4468 1997
6103 7975
3274 2275
2848 1328
2656 8220
2616 2885
9623 8621
3343 7334
7866 9919
913 1900
4012 882
6807 2342
9795 1249
7645 4589
8634 9760
6589 1543
8377 5622
1663 5306
2592 419
6059 8242
5286 124
2168 1831
8539 4164
5408 7441
1310 2401
3705 3369
9140 5838
186 1623
3953 5109
2364 925
140 1190
7770 9156
3553 5298
6711 4768
3283 3878
1637 6507
2747 3766
243 1404
2332 2934
186 5870
3945 6353
7406 1231
1723 2187
8375 6017
5469 4130
4550 1952
2283 6926
9905 961
2769 1592
5114 1005
9067 645
7296 9477
8829 3784
2470 1878
1447 5281
3417 5952
7642 3604
2684 67
2569 7423
5009 4028
9610 8952
9256 5553
5765 5079
5093 33
6624 6276
1225 6736
7427 2722
5934 8478
7760 7946
143 7975
7973 3141
6339 3172
9468 7504
9723 6023
2808 4122
8619 2777
6071 9900
6003 6233
4981 2355
5921 5009
2813 3284
6804 2840
7196 1655
473 4458
4922 1437
6971 8092
3067 8194
4755 4127
768 6569
5879 4823
8444 4743
7827 4527
2575 8591
4538 7610
3749 2195
3783 2662
5754 9572
9442 3179
9703 6185
9268 2801
7798 3776
1236 9555
3368 4512
7250 3826
9823 4703
7480 4643
9919 7899
5690 6231
8134 2011
6281 1315
8953 1663
7645 2894
6149 4833
2828 5176
1664 4201
6417 7663
2445 9325
6484 1847
4320 5904
383 7967
8954 3130
1453 8060
7699 2974
1768 2789
8319 1450
5079 1239
1569 1284
791 522
9319 4716
9722 1583
4395 9822
4906 3604
5070 1105
487 8144
5911 6628
8221 2262
6995 4140
8242 396
7459 2413
2603 9481
9465 9165
6055 1959
6943 6564
3126 3287
7018 1392
6384 6040
3224 2105
9791 8019
3337 9517
2195 532
6738 8660
9129 372
7047 2738
8198 7110
6548 7880
8576 4844
9293 40
7460 8962
2618 9581
9764 7261
1759 5915
3110 4093
5023 2866
2927 8553
1337 4336
9733 5918
3628 2454
6812 2886
850 5892
9477 8052
601 4322
6417 2898
2930 9017
439 3388
9135 6815
815 1725
9800 4782
9628 2240
8119 9735
6095 9371
5827 9620
2140 5018
3981 3170
3202 4221
3306 1838
6756 6076
7815 2301
7957 7360
4876 8533
9192 1342
6682 7032
7584 234
3072 3893
6880 9815
3893 531
150 4327
7662 9878
6901 2453
2151 5172
3119 6956
2190 5462
571 8034
9090 3285
1269 3879
5123 7527
5719 1194
9496 8909
3730 6304
8550 9949
1842 8394
307 9106
8822 9154
7396 5792
4277 2021
1694 2136
4545 4224
8507 260
548 8733
2929 6906
9299 407
2049 4127
4563 6014
1026 2081
4529 3493
376 7475
6161 4250
8416 6988
7484 8019
2748 4060
6899 8760
8082 2291
4340 9773
9937 5504
3068 112
264 7890
9707 4187
7913 6003
6125 168
3867 9194
8442 5667
4333 412
8148 5661
6334 6756
8697 3351
2372 4176
429 7081
269 9552
7967 1601
3425 8538
2554 2303
9814 9964
8615 857
8906 1147
882 286
1863 8248
9297 2054
2834 3590
1475 8063
1013 2163
279 8917
1359 9012
8944 1375
1073 4725
4616 7205
3917 6229
7539 8221
9495 4091
3011 4143
6667 1992
8813 3920
8262 2955
9881 8284
5454 7618
4272 4643
9910 3335
2166 544
8346 6555
8969 281
4172 8121
32 2617
1702 9137
9340 2721
4250 8570
6142 9982
1767 7072
792 1667
3939 3759
3067 4214
8984 6677
1743 5621
4929 49
6393 5905
8880 453
3246 3562
9351 6088
8129 3570
9732 8028
3154 292
9143 5046
7598 6609
947 8260
6133 7188
3266 3568
8614 6364
6051 8729
7374 2458
7891 4213
4151 74
4140 7506
5812 5140
3173 3425
8063 6609
6023 3668
2783 8941
5946 80
132 6733
9738 6674
428 6530
612 1857
3372 6182
8795 5152
5606 438
5673 8821
4938 7567
4209 5190
4558 6151
8419 2481
7801 8522
6078 5945
3828 9248
627 7773
351 7899
1787 5729
3642 5388
2925 3337
7342 7654
9988 5909
3632 3307
5218 3554
55 9303
8374 3999
5631 8775
6782 3575
282 2488
7885 5808
3596 9165
8251 4827
7151 5351
5885 5081
2430 7904
2200 4014
1162 616
6555 8853
6498 2114
783 46
9739 913
3806 5510
8679 1895
7727 7995
3290 9248
8091 2417
2644 3468
9410 6798
2757 5737
2113 3824
773 5495
1105 3026
2848 8914
9787 7355
1989 3090
3786 6879
2035 4969
3303 2773
6890 9720
880 5329
2665 8135
3264 7618
9678 4993
7308 4324
2231 4003
818 3988
4575 1636
9765 8877
7974 1173
3074 8955
4037 2182
6574 8324
4905 1378
3987 3376
7460 7816
7128 4094
1893 4377
6181 8822
5878 5368
6938 781
3461 4666
8477 52
6977 434
3402 2025
2562 1859
3493 7217
8491 3684
272 7099
4520 3654
6919 2501
9292 4821
5978 7261
4387 813
1877 1563
1475 1294
691 4896
8352 4937
4786 4890
5796 9145
9349 1943
67 3197
3780 4789
2568 8044
1181 2060
397 6158
3558 2322
6749 1093
3951 2040
7940 3994
2634 3567
9100 5647
7935 3706
3929 4206
456 2455
6197 9122
9040 4688
2804 4556
5628 8202
8587 9485
7899 9020
3996 6344
1606 2433
8653 189
4348 2720
6206 4258
4873 3402
4834 1314
2650 9633
7994 3428
7281 364
4452 1910
1727 875
8892 183
3968 9318
1289 557
693 8580
4196 4332
6551 7304
4008 1763
8239 854
168 6295
7142 5519
8207 341
5187 8509
5601 1373
2843 9834
560 282
258 5357
3717 3222
1369 7762
2226 1386
7149 7337
2097 8048
2089 4808
3940 1474
652 7973
1887 2328
1337 5558
6391 1984
4763 9851
9140 3130
9565 7970
2616 3929
1924 2240
2964 947
9602 5840
2436 8788
605 1328
8340 6446
4270 3279
9561 8274
7756 9146
9094 8842
9578 4524
5331 725
5903 9031
9969 6146
8396 1944
8710 1585
6648 4613
5216 130
1274 530
8257 1691
420 3090
8655 5807
2546 1145
5703 4218
1943 9643
5694 6201
8624 5959
5939 4991
5047 4029
2558 1020
6015 881
7607 913
4388 3750
3056 5591
4340 276
6666 2816
5574 6193
5651 6791
1514 7657
2876 4492
7633 6006
9821 9006
8937 20
5895 9814
172 9826
6395 5039
2277 8559
6339 5604
2915 8267
1115 431
8702 4861
7677 417
5634 3612
4748 5076
3347 1946
5491 4732
564 7919
9388 1676
9811 9053
9905 9465
7659 5060
9712 2554
5768 4761
1892 5095
1576 4270
9510 1447
4719 2092
4065 6133
8817 5622
451 5038
7372 6231
1183 853
6526 9039
5958 7897
1587 4666
8334 3919
7193 8094
163 313
1103 4464
1163 282
8994 172
3475 5886
4665 8730
7352 1349
3779 937
9022 1182
2570 4679
5169 2533
3415 2076
4772 535
1881 5393
8609 3623
1244 8791
3816 4556
325 8229
8312 8706
6306 1231
3733 6956
1422 4935
2551 5892
3781 7868
3819 6694
2627 1535
1286 8804
4686 4164
2756 9683
7471 4300
2151 3616
7394 9662
2521 3043
9676 7320
6910 9385
6441 4936
7526 5106
1488 3627
9032 3041
3699 5405
4011 9153
3959 8366
8375 2135
2663 3217
13 7734
8444 5979
875 1795
5684 9076
1104 8740
3524 1508
2043 4690
7559 5766
2076 5272
6676 3933
6044 8618
185 9304
1256 4507
4406 6015
8576 4538
2460 8654
2843 3939
1951 6559
5234 4182
9275 149
817 1961
272 3516
1682 7567
6760 4861
7718 9796
4650 7063
6684 1733
7499 1068
2412 1936
9451 6635
8101 205
2311 9833
6994 7179
8037 321
5055 7769
7989 3614
6789 1407
7595 4525
9757 4212
7365 7924
2585 7096
6130 318
6140 7650
6598 7607
7632 5961
2885 6185
1740 3498
9999 6645
3783 4757
4933 6511
7882 1054
5980 6338
8262 8528
9605 6888
2545 8187
2189 601
1111 758
2022 4479
409 7922
8754 706
3677 6675
5970 9572
1931 6536
7098 9701
5337 438
9441 6772
8742 2184
4466 2427
3771 1251
3194 1593
7494 9434
2379 8379
1202 6181
5410 3162
3351 6256
1952 3439
7971 8268
2832 9995
8987 9868
1333 3939
9716 5400
9952 6628
1964 2895
6594 2739
5922 5631
3373 406
3770 6458
2433 2050
7222 4548
5618 5439
1326 2189
6975 8014
2849 7092
4213 6611
4029 9763
4184 7670
4556 6933
3883 5291
983 157
6137 9013
1125 8247
2606 2464
2840 5972
2067 4696
7681 7222
4966 4624
7791 6527
3483 3123
8667 6316
6162 7226
1174 5636
3329 1608
8021 2537
5658 8651
7197 5270
7166 8341
9206 7656
586 8634
9191 7463
2282 4504
6831 8284
3887 6072
9432 8299
766 7524
9951 3683
5537 4382
7525 4161
3602 3352
9837 110
8888 7831
7268 8867
6905 3675
393 5587
9259 3615
1833 4610
3657 2001
3255 4108
9011 2895
628 2753
3384 20
8243 4417
7079 3362
9897 1184
8542 9372
3806 2265
5253 1802
3360 1129
8571 6461
1835 8926
7593 1020
2672 5058
9607 631
8320 4030
5231 7097
7126 858
1710 1210
5986 5652
1051 5388
8020 6811
9198 6996
4589 6456
9303 870
9608 2785
4148 9334
5023 9338
5694 6634
5762 7102
7004 5909
3141 5444
4469 6937
9501 6047
6731 2063
2934 6586
1344 3358
1689 6246
6816 3893
1829 7298
6465 4759
1148 4366
7436 1435
1883 5935
3890 4969
4858 3456
7599 4355
6092 8211
1298 8858
4461 1486
2508 3271
2907 7247
5186 6267
9507 3831
586 3022
9284 7831
7722 7831
8948 9306
2179 9413
6341 2420
7623 6057
5416 8513
1931 8155
5695 5534
2109 831
7006 1165
2859 3259
4577 7892
6024 3001
7943 1636
8434 9204
5630 2573
5883 7561
8605 6564
7440 4872
7078 6175
784 599
583 7159
3256 4679
1159 5963
408 3030
8882 736
3016 4430
9518 6511
8923 3429
246 8141
5516 1805
1505 2196
4036 1668
5055 9635
1097 5239
1433 7536
9520 1221
37 8835
7728 6231
1504 7539
9657 7943
5234 2476
4217 5137
5612 2036
3952 8587
3507 8784
3918 4150
8041 4065
8387 2723
6814 2180
4281 8154
2821 111
2255 8844
1740 4389
2945 8594
7597 6735
5443 6656
1868 3338
8958 9988
5270 4511
1196 8572
6818 529
8360 4028
2924 7033
760 984
4681 4138
3358 654
9309 2676
4288 9589
4695 171
7547 9299
9156 2056
6513 5280
5191 308
8484 2351
7297 9090
5586 1249
209 819
766 6565
6086 7843
4094 3120
5940 1147
5263 237
1762 7457
5576 353
7415 2269
4215 3914
7772 8221
2954 1763
4991 4270
5257 6670
8063 8909
5643 1891
2352 8035
7648 4641
1174 7469
2969 826
8587 1558
8702 3188
5898 8656
3475 5073
8064 7498
6727 6353
925 7904
268 7850
2967 5769
4096 2304
4080 429
6932 4280
9719 817
1873 9445
7126 2475
3792 5695
4276 6177
6547 7716
8813 3866
4609 7252
8522 7455
5548 344
9759 5211
969 3076
649 379
3876 7398
4234 3712
7729 2974
595 7969
2324 6781
5792 9950
1460 9561
9369 178
6456 2782
160 6391
6844 2549
2773 840
1390 9279
6996 6475
3385 4644
9463 7241
4827 3124
8684 6313
6831 9127
8795 4128
3429 1303
6618 4432
6378 7445
4909 204
1091 4117
9088 566
2070 489
7100 5117
5472 7354
5864 4449
944 8385
605 4436
1857 8269
283 5644
6126 4471
2961 440
4403 7962
7307 2360
7274 3675
2295 8693
494 2771
8197 7036
9273 584
4384 2805
8189 6925
5929 1948
5829 478
6381 5862
745 2704
9802 4220
4651 9026
4290 7443
4429 8597
2325 1655
7484 4525
8859 5068
6175 9528
629 5058
4147 6371
9051 8445
3575 6332
3928 3816
1866 3550
2984 973
4569 2768
2844 626
1088 2829
9804 8141
4210 2354
688 9417
3662 4438
8120 7842
5183 4806
1800 8544
9367 8014
863 9600
1156 3257
807 7940
7217 103
4819 3612
2804 1519
47 278
4162 4510
8584 3914
7965 9035
1776 8482
7702 6050
7467 8701
7657 3427
1628 3182
5744 3024
9331 4703
4834 5585
942 6317
4056 4620
3283 8326
3297 4041
6756 528
3204 1688
5294 4021
6913 436
2036 4404
7176 4738
9220 1464
9852 176
7641 2447
7204 6910
9964 8129
6731 8503
2255 9386
9911 3168
6253 4274
1630 8672
7687 277
8952 5416
3797 5975
9281 7805
9883 5016
6435 6561
3373 1437
2388 9259
5445 9249
7103 6018
9891 2500
1752 3711
9670 8162
7213 2486
2461 3849
6921 5515
581 816
6046 4436
7939 4788
1511 4874
4447 1366
520 3446
1536 4463
716 8592
75 7871
382 2815
2448 1239
8380 1870
2145 5853
6727 6377
4654 8469
2701 8963
8618 3802
1344 7441
9500 1158
7308 8976
3376 4295
2166 6379
2336 9243
2174 7402
1850 5802
4547 419
372 9300
4879 755
6444 2791
5978 6833
1148 3230
2035 5487
1022 7676
2843 5771
8774 8235
9026 5862
834 9937
2153 2331
8098 1945
8590 6108
9222 1153
7120 3457
9580 2664
4595 2062
3928 319
4109 1957
1395 1154
4864 4058
4725 5330
7842 213
4047 756
7951 8839
2374 6938
2052 6920
6123 3587
8129 7652
1210 6298
4690 9926
4944 2781
4818 4049
3732 7231
9053 3313
7717 6188
9306 7912
1118 9709
8265 1218
3338 8263
6852 8970
6311 224
507 7655
6243 7378
113 4452
4723 617
9305 3066
4033 2559
1617 4240
4996 8053
3701 9547
1932 2572
2321 7590
665 276
3534 4453
2928 7973
9158 6125
9686 2657
5555 6286
8455 5999
8186 8488
3048 9272
8335 6861
3382 6921
6098 8370
2353 5915
8999 6853
5220 3537
6656 8769
5647 776
6321 3569
7573 7461
9492 5297
4406 3473
1422 7849
246 8087
1403 2846
635 1096
7210 577
9173 8623
6289 8030
3200 3432
2121 1662
5175 1746
9455 4859
1653 3383
6989 6696
5489 4166
3437 4452
4671 1831
2408 4793
5190 6128
3000 7843
4932 8032
1910 5168
5347 3883
2066 1228
3427 1881
39 3741
995 1810
3320 3992
9765 7981
8182 2437
5557 9337
4296 5274
9679 5933
7384 8684
4919 2512
4916 1548
9616 1
5200 2376
5517 4049
4070 1538
3619 8619
525 1180
1498 6573
3666 1938
3783 7950
9843 7355
5736 7508
8232 9585
7626 1159
3899 1510
7420 4614
3164 2509
5470 2112
5694 7168
8691 849
1082 3050
7533 7865
4019 2364
4161 237
7639 6076
6627 9012
1064 5818
2896 6384
3443 4903
2216 453
6631 7867
1416 7982
2797 3818
247 1131
4872 3172
9834 6801
9632 3949
2713 6976
5916 8871
7575 2321
7130 3273
5351 7404
1468 1766
1278 9985
2737 3926
120 7972
4057 5161
7881 388
8054 5818
5635 6244
8153 4764
8611 4992
2889 3337
3610 4766
2370 4733
818 239
5905 2052
7821 5041
4561 7229
2282 7452
6247 344
9205 620
7930 3263
4496 9791
7824 5219
3311 372
8910 1695
9832 7301
5008 1758
1191 9861
5089 89
9293 7290
4245 1026
1694 6723
3168 9743
3807 9343
8330 1062
2486 2001
4238 5948
73 2990
3653 6271
670 4622
5575 5870
8244 5993
2800 5194
6077 8997
8187 4687
6754 7671
3392 1713
2524 3261
1131 1754
8649 7014
343 2298
8595 2401
8050 7729
4237 8528
7126 6064
9220 1114
8601 8278
4742 4192
9441 4466
6141 6276
4848 6992
3248 5112
6662 4250
2348 4898
3608 1945
3026 4072
4187 8799
3585 9481
4443 4924
8044 1963
6731 9735
3123 9885
674 2442
6326 477
8016 3884
8223 682
9228 1983
903 4523
4249 9378
7933 6500
4368 7340
5692 4546
6282 5643
5106 3064
4835 7624
4996 3918
6354 2326
4217 1751
9780 9563
9947 52
1838 8838
1304 6479
3842 934
950 9596
9777 4026
7427 1534
696 7849
9029 6423
8292 475
9660 2775
4074 8235
3690 6459
541 44
5434 8413
5315 4916
1271 9017
2020 3497
7576 6975
2238 1847
3232 6448
8962 527
8675 2222
9796 6627
7919 9870
7600 2276
4849 1084
7637 3274
5725 4033
633 9702
2286 8332
5943 1580
2920 9777
4800 3767
6114 8943
3430 7633
5229 2585
4549 695
9480 1333
7774 7441
8394 8194
5130 3261
6361 1432
6821 1519
7433 9211
330 9704
6612 7390
1271 9176
9216 8144
510 8233
7153 6611
9890 8712
4895 8240
6097 6567
787 5314
845 6639
3310 9368
8620 4891
256 5361
8872 7608
5677 6841
9745 8352
2023 3109
9062 676
9101 3008
4582 4369
9401 4761
8014 4662
8876 4828
4401 3431
4656 3619
2777 8011
48 3231
9402 4116
9448 9185
1540 2614
5129 1999
5712 3664
8409 8235
8832 6201
2582 847
1114 6089
9875 8406
9163 5314
3611 4343
3539 2526
7967 6965
8261 8086
4285 5360
8328 3351
9903 9142
2921 6733
5321 9295
1451 9433
8574 8881
5592 4792
6069 2252
277 3041
2634 4612
5647 458
2245 3119
4283 5073
1797 1313
239 6124
4228 3317
249 8893
2614 8428
4044 7657
5574 8256
632 5416
4767 2604
5112 2578
7435 7236
5595 6221
3400 6439
272 8032
8409 199
6769 134
6722 3001
5424 1809
4404 1258
9655 4340
1164 729
650 4204
8831 2568
545 4818
6267 3502
3695 9080
8586 4109
3081 1589
3722 7291
7304 6479
8315 5210
4932 9181
5861 3919
1140 9811
8302 3683
6987 3622
9967 4653
8110 2255
203 1222
5502 837
9549 5990
9527 4381
7103 7940
8059 6476
4344 2967
4411 213
5409 2824
6581 3885
3229 8875
1763 170
1136 2120
3023 5401
5206 1453
6792 1722
8283 2322
7302 3342
2327 4162
6233 1285
8604 9529
6927 8180
6672 4482
4828 2467
3439 4274
981 664
652 4575
7942 3616
7653 9940
3364 930
9202 4799
6552 6883
3048 9562
7959 3345
4009 7421
6542 4324
669 1628
4392 5864
4802 6133
3648 140
7138 8061
4661 1648
2176 1027
7490 177
2162 3150
1083 6474
5018 222
1589 4858
7362 3201
8462 9436
4486 8635
3123 3324
4178 9143
9918 8648
9698 9192
6893 5500
7852 8840
7373 5528
8488 9514
713 596
3673 4396
7635 4319
7963 7027
3820 5074
3397 8026
7062 5523
4252 5048
6029 1860
1239 1713
7058 7854
37 3637
5969 653
874 9055
1930 4958
6309 5907
4216 3762
8956 2422
6397 7150
3352 7774
5931 4603
9380 1746
1884 3014
3437 2546
4518 7581
2947 8006
7265 8485
5377 4252
7426 8380
5906 8239
6133 7686
4873 3894
5180 446
7635 2958
2080 6681
2400 2902
5828 8646
8487 5805
2377 5789
3276 2989
5600 1847
6765 9509
5898 4819
4940 4724
5573 305
8753 3186
548 8045
8090 5237
5819 873
2688 3745
3853 7867
8949 2241
7013 7662
3814 3524
8882 6595
954 1825
8180 4551
3119 6826
4456 5759
6184 7541
1555 2293
936 8651
7276 9053
1125 9020
2573 3877
8871 4236
5484 9502
1001 8913
9394 7642
279 8540
1780 6267
5234 1834
4383 2317
8830 8395
3783 7818
7829 1958
562 3936
7911 9212
4151 1070
2498 8495
9312 5589
1798 3362
230 2631
4887 2214
1848 8227
1007 4827
5789 8126
8417 5616
3579 9319
1327 307
6031 9602
3843 5505
4624 8191
2212 3303
2534 4247
7816 2116
7024 7483
7104 962
3575 7809
8542 2491
9532 6700
1583 8721
324 9506
8938 5748
6987 2604
1374 7031
9756 53
4134 210
7365 3294
802 4467
6304 7549
7867 5723
1544 469
5644 7047
9687 4482
2316 4019
2711 7081
3346 636
3660 577
1298 4092
5613 3944
4349 5611
4881 9352
2833 4637
8448 2749
3255 531
3493 8297
2984 9692
8977 651
4952 7723
7553 668
8820 3837
8645 3818
7397 8595
5390 8851
6984 9827
7423 2061
3470 7504
5412 3258
5020 7823
1904 7720
1879 5924
1952 1223
3966 1445
3788 49
7906 8926
2083 6795
159 2646
7943 4662
2435 9314
1976 2472
2228 8538
2958 790
4166 1458
7691 8709
6115 2839
7072 6592
4933 7305
7106 4401
2123 6478
6004 3100
5427 193
9362 8637
4972 4792
6476 2669
2383 4684
3883 6684
6529 1654
4596 7758
8610 5953
1840 4703
2789 8102
4047 8342
6610 9170
6141 8057
2069 4964
6024 2698
3501 3290
325 4241
5573 1519
6801 9373
8407 7899
361 5313
7352 9016
8764 9020
3148 2101
6054 5410
4677 9072
2429 4435
7986 8554
2781 7530
2000 4909
1295 2808
752 9520
5459 6369
8319 3779
8601 9658
3182 5185
1738 275
9699 9084
8277 2242
4057 2103
3473 7459
9324 4881
6715 4408
6677 1422
4668 8746
1820 2211
8751 7987
2824 4546
1709 8409
898 5397
6668 2815
4254 5116
1047 5193
893 4665
883 7140
5525 2982
1222 8421
6015 6191
9474 7542
9108 3168
4294 630
9996 2422
4729 9394
6515 7864
6548 2949
4255 8310
9296 6909
6881 8967
7283 3704
8654 9235
2322 4599
9732 8262
759 9013
2964 6753
809 601
7365 2588
1972 6401
5526 8543
1282 5621
3247 2408
2423 8947
9906 3573
4111 492
5921 1355
9656 999
2692 1905
481 2685
4788 9450
9136 6035
6793 1698
9152 142
3043 3225
3075 6865
2226 3359
6042 3452
1841 4408
3647 9545
8102 2146
3429 5525
1163 608
8941 5358
7891 6092
1478 8471
1966 2424
2694 6193
2911 1894
4212 7069
3199 8324
9858 5818
2937 9394
4631 6835
4164 5016
1786 3642
7203 9537
2525 5210
1723 2065
7277 6253
7301 1929
4700 3409
4358 6201
1064 9530
7712 8408
1917 7101
9028 5098
3989 6801
7131 8736
1730 201
8849 8557
6387 8513
9863 8158
841 652
604 7026
6874 1414
3183 7347
6354 2467
5362 2254
3047 2580
3958 3662
7313 9740
3506 3388
6721 4675
7468 7857
6761 7464
4101 1489
6569 7080
5279 2600
7172 2383
8965 6670
8897 9516
4205 7938
5746 7589
8885 5058
6090 7141
8437 7148
6455 8173
2027 1017
7162 6953
2040 6415
9 3117
1528 209
9775 8706
8017 6758
1294 5270
3443 2366
9940 3931
2491 5114
8085 1414
9298 3417
332 8332
8570 963
6908 9048
1048 2163
6574 7338
3483 9555
6952 5946
3978 9791
6489 6813
3389 7294
6971 7885
3311 7485
449 1102
3580 7686
9384 488
3701 2596
6118 700
544 3569
7423 5044
485 9327
6545 9025
5571 8788
7667 3730
3321 7805
67 9349
5138 7120
9881 3832
2263 712
38 1471
5873 3512
9894 1265
2208 9111
4381 9588
8686 5996
583 4975
237 9837
3429 5752
5361 4099
8838 9704
3656 2815
562 7336
4698 4116
3432 8054
1852 7658
2367 8194
103 8852
6072 3695
7398 9621
7949 1370
180 7336
8151 5202
6917 7168
4431 618
3028 833
8098 8277
9526 8041
3075 141
5198 1320
7289 4330
6033 179
5520 580
2439 5062
2992 212
1078 3362
4526 2434
8880 2755
2228 7763
5868 3289
5127 3281
8731 2728
942 2074
3567 855
5902 291
8570 4742
4511 4073
4672 3340
3928 4113
599 1412
4854 7283
8597 436
4509 7395
8702 5453
9075 1881
6775 91
3850 5472
5137 8178
5627 6116
9665 2095
6115 1400
8440 5520
7313 7419
6082 800
5094 6693
7010 3233
1587 1243
101 4166
6446 4373
5092 1068
7890 5083
3093 975
7542 626
1048 4965
937 8554
8919 2994
3513 6345
4489 5219
8269 5841
6693 8337
8103 1985
5381 7197
3392 2359
7877 942
5590 8518
3552 7466
6575 5390
3536 702
7022 5087
7735 7584
3987 2031
187 8012
5249 7581
4564 7443
7025 7179
5513 1703
247 6455
7902 9735
2482 645
8849 6067
2798 8185
3486 8620
3176 4445
8774 1675
6900 6018
3520 2295
2090 8920
2323 1554
4631 5199
7348 8388
9383 2299
9698 1283
3202 6542
8383 1499
1190 9970
4395 6023
3453 702
9313 2590
3723 4327
1829 4493
7574 3991
4797 7443
4860 6526
8188 8553
5937 5054
7541 6843
2756 357
3706 4948
9804 7806
4586 7777
5622 6121
8478 3720
1942 3864
355 9032
6104 6967
2348 3944
1698 8256
2390 830
8332 7756
4253 195
8668 2658
4158 8508
6816 9877
939 8998
5493 9873
4972 7881
7314 6061
401 3032
8450 3006
4536 3175
6217 3414
9161 2312
2785 2407
7369 5730
7952 2627
3638 7013
6216 2027
25 962
3435 2557
5314 3596
5701 8796
6655 9896
1332 8750
8178 4166
5859 7534
5894 3192
2247 5637
8820 3692
4936 1849
7553 5016
5477 2894
2365 4640
4960 2577
748 495
2927 8810
698 3595
7257 6654
2427 1148
8387 1709
5089 9910
9464 817
4708 4142
8810 2624
8660 7047
8551 3618
887 2928
3887 7909
6160 4987
606 1422
2345 43
6468 6178
5281 1485
140 4927
2894 1529
8412 4639
3437 6293
9882 4726
7076 8582
7088 3171
9916 3825
6081 4840
5082 5774
3784 5542
4082 1620
5021 6960
210 7023
1709 622
2164 35
4389 4763
2015 9615
2216 8266
5730 22
1521 3077
8343 1405
7638 2209
9193 8172
9128 3978
1715 9096
8604 3075
3059 5357
4981 6444
6954 1977
5848 429
6669 7944
6299 2863
6416 5390
4441 4920
215 3362
9084 3161
7961 8290
1811 3221
5199 4151
4438 7648
3948 2818
1014 2981
8068 412
265 9281
8155 3426
6237 9694
4679 3019
6245 8563
3247 6025
9172 4301
5628 4142
5935 8154
3051 2422
3148 8929
7720 9299
2071 5154
9569 8406
577 5756
2779 6344
7765 3506
562 3883
4510 1382
2420 6297
5806 7304
2925 2563
4930 7435
5 3645
4243 2146
8022 9108
9714 7773
8758 5970
5501 1361
8617 9448
7465 2310
9359 2207
4625 1564
5808 8367
7219 8023
7135 6489
1915 682
568 6908
7911 4743
8341 167
5496 5840
5471 4993
176 6923
6258 7331
8835 8114
5833 1150
5074 5308
3056 7341
4174 5783
1510 3054
7067 5949
7379 9847
8831 5152
4337 9114
7514 3938
4175 744
2371 3558
304 6910
9357 4586
7941 4830
3683 2059
3864 3492
6535 1738
2903 2553
4943 2373
5535 2688
1978 8855
371 6846
5606 9612
600 2246
1207 5463
5072 3643
2242 7934
3632 5741
794 7605
4093 5630
6084 3847
1091 9896
7717 6381
5219 5090
1824 9061
7730 1933
102 2605
8269 7636
1292 2506
7745 3209
794 3187
4867 6359
9433 6817
6909 1808
8433 727
839 4784
1270 2343
608 5580
2680 7496
4916 7463
1708 3122
5756 8481
4619 3424
5322 3155
476 3767
9578 5797
5969 9215
1608 2722
9261 5972
7112 2903
3591 4933
8775 8622
5259 4228
3100 8547
3528 5015
361 4466
5802 1804
2464 9921
8476 379
6052 5554
8431 5180
7737 9740
2303 5461
2809 5116
1941 1167
494 4417
9400 1125
8945 7694
5965 695
8356 9174
3172 24
3311 1937
2586 265
1096 2535
9980 7205
9335 1920
7064 5881
6667 404
289 95
9973 2396
1857 761
8668 9754
8409 7011
8386 357
3299 3167
3334 6204
6536 2250
9221 2043
4041 8585
4386 5419
246 3542
3825 9656
2022 5538
3439 80
3689 411
548 2956
5302 7355
3450 1532
5324 3721
2330 1261
9689 6995
8484 8116
7286 5755
947 7150
7680 4428
5296 6624
7835 6210
2318 4764
9794 4238
609 832
2526 1515
3073 9721
2509 9294
4714 1307
7417 3150
449 6674
8695 4838
6869 1045
4408 746
9578 8620
4621 5265
1456 8722
4784 7385
2971 8947
4581 2231
7554 6717
6938 4410
3045 7159
928 6738
2058 3947
7150 9981
6535 9570
4693 3162
5708 4345
6158 1289
175 7826
8597 4411
7250 4286
5025 4658
1135 582
415 1904
8646 5182
7563 2542
4183 8180
6394 2271
26 8877
3158 5767
6096 1340
3493 3379
1958 7858
135 2393
8410 3483
9653 1256
4706 9604
4587 5613
8788 6429
9391 4051
6168 2960
8330 724
5608 7999
3676 6218
1453 578
2570 614
5712 2617
3410 7470
6009 7529
4254 8995
8907 9568
3071 4297
9806 4443
8681 846
6741 7708
2747 9561
4559 8063
8238 4614
4646 7826
7979 1725
7953 1265
8270 2378
9855 2801
2686 7637
7274 1292
844 6852
6279 2907
4246 382
1391 147
8586 4516
1503 2503
2290 1937
4244 2835
9863 2759
2000 9220
1320 7326
8019 2253
2582 389
6237 5608
9999 3587
774 6823
1138 5364
8192 7177
3354 5471
3549 9650
2244 9522
2090 8028
3518 7181
3036 8276
7222 3363
3512 7462
8840 8589
460 8205
8275 6352
8772 6827
7043 3886
3146 8444
5424 9315
3075 3798
2737 8135
6906 3406
7497 4420
6627 6744
1053 3314
2123 5817
9377 9151
9720 317
9521 5978
9520 4891
5622 2182
4481 9324
3686 1254
7946 3993
5597 50
5070 3166
5150 6766
1489 3051
5029 4
2654 1225
6425 7394
9501 1909
5899 8969
6634 1351
8292 8632
4932 9166
493 3317
2584 3354
1504 1401
6519 1110
7014 1467
8506 9066
7141 400
7004 6388
3842 748
2418 1336
7031 4092
2784 6675
3078 7013
4286 8804
7282 7910
5171 9831
8130 1386
1426 7878
6198 5279
2446 5621
7435 291
8767 9425
6418 3411
6302 2384
2788 2610
7733 965
7610 2366
3751 2484
9685 5634
2738 2941
7717 5859
2938 2313
7817 4508
6449 5991
9667 9371
5151 2139
6289 9678
6742 5333
456 983
3755 3901
9190 8164
1523 2024
3119 4265
7489 2786
3365 414
7847 7132
6778 5927
5873 1127
1734 491
6145 8851
1812 4345
7788 2475
401 7243
7710 9543
2686 8144
3479 7694
97 2548
2110 3470
4965 1763
2904 2640
3356 6584
822 1232
2370 9611
1819 2733
3844 551
6634 3811
3656 5848
8659 8302
8937 7067
3407 4771
4863 7922
4228 5284
8741 9667
3552 899
4389 755
5398 4339
7021 9051
3454 2935
7096 9392
6276 8112
2981 7930
4991 7938
6497 3150
1566 3372
1697 8776
1084 3084
5541 7815
7172 5960
3015 2840
7225 9311
5604 7475
6559 4482
8051 2956
6268 2436
3211 2808
6903 2159
3733 1327
5555 9022
7231 870
2804 3290
4745 1995
3150 2848
8439 4955
5319 3603
7494 4406
1884 2670
3814 5107
4494 3087
9974 889
5366 2228
6831 1052
4466 7443
7087 9686
1021 3608
9924 4090
1874 6461
2276 4534
8562 7159
2019 7764
3278 8083
9317 8962
736 9542
875 5729
2403 320
385 6106
4510 8040
2369 7739
9534 4984
5728 6962
906 5777
5434 478
4783 3049
1392 9898
6962 2820
8234 298
1730 1310
2474 3724
6086 8064
6376 2696
9118 5349
4759 2656
645 298
6138 564
4650 9274
4986 4405
9221 6186
5619 3229
8495 4095
3000 8179
9621 910
4399 5467
3056 4961
829 683
8573 2087
6427 9052
9316 6792
8727 8309
3276 8299
9651 1961
7806 3679
4697 8588
8083 939
3552 8838
5853 7157
9890 1525
6566 9620
2959 9483
6192 8252
7999 3461
6577 6706
4213 835
1901 6482
4374 4481
6946 5383
1600 1387
2072 8293
6251 9436
8434 9478
5317 4491
5705 4462
1040 2435
8785 5548
2896 3956
1574 8341
8174 789
3692 4142
2449 2994
8139 2167
3828 4658
6307 8233
8311 6134
7980 5641
7603 8991
4089 8580
8785 5075
5782 1722
3294 5947
1489 7562
7594 9943
99 8905
2607 2900
2545 5492
1420 7150
677 1212
8773 2452
5241 6400
3690 1240
4659 5142
2337 3343
8478 3430
3048 6534
6365 267
5470 7993
3920 2811
8705 8556
7340 91
1534 7089
8051 4112
7846 3841
1135 5821
7324 2623
1143 3528
9599 4231
9393 8653
1025 2988
1278 9894
7157 2286
3317 9635
6345 681
7285 3373
4905 2371
4199 8128
9869 5114
6794 7760
5645 1073
842 8403
1733 1340
6604 5607
3968 9017
8805 9811
4139 894
3974 5311
8997 2283
6004 5795
1393 6929
9500 9958
9684 8657
7235 5786
2529 3596
547 306
8357 7298
7918 2104
9968 7441
2278 5071
2514 9720
6986 838
1796 6485
1384 8042
6774 7629
4580 6236
7095 7886
4647 4818
7008 5692
9078 2763
4955 5866
3552 7236
2054 2894
5900 4479
4463 1127
942 8286
6074 4055
1131 2166
627 3781
7592 1725
3485 752
8631 607
2641 586
4895 1204
4888 309
400 8946
1894 9217
6335 985
6396 372
26 6424
5701 7208
3307 8463
9927 6549
2226 4327
2794 2192
4355 3440
6794 4129
7977 1851
8119 9008
5266 9068
3755 8891
1593 1875
7373 628
1768 4224
4417 5614
929 9796
2132 1170
4966 2184
5424 2888
7129 7694
8988 6622
2707 6435
4402 7844
3438 690
8355 6638
5484 7832
6090 9502
8021 8983
9137 8742
1055 2247
8656 423
3945 3734
6280 2957
9264 7335
1853 4153
3833 1235
7729 8121
829 635
3196 3095
4554 2212
7467 7741
3197 2042
3711 3923
7715 5200
3648 5956
9583 8356
1507 1402
4668 2247
8456 6840
4914 1189
6250 4819
9793 381
6253 8272
1468 9011
2218 1995
1638 7846
5558 3190
8608 4928
4723 9687
2793 9089
9571 5779
6497 7196
2571 266
2280 9737
5874 4320
5530 4073
6584 5776
4419 5824
6593 7238
4922 97
4609 3905
9316 1303
1371 274
4423 6036
8920 8502
2812 8764
4245 921
5385 2496
2823 8659
8333 9999
8709 8302
9801 7442
378 1928
8371 7577
2509 8355
9295 6288
4523 2701
5967 4768
5610 2066
2753 6398
6327 5481
4513 7586
7629 3678
3777 341
1376 9607
189 7682
517 5884
7340 3928
9779 9997
4757 1159
9560 439
8887 3387
7340 2016
5840 4250
9407 5133
84 1171
5391 6842
8196 8839
5786 7541
6313 6929
5318 7988
3595 932
5833 6720
6328 802
917 347
5213 9862
9586 5112
2693 740
9755 2296
8119 550
6527 9254
4297 3879
1454 4567
5095 9485
5394 4559
3010 8237
1158 9407
1928 5915
4229 2415
5598 6807
7215 9783
3517 2400
5438 6787
2169 9149
4323 468
155 4310
6409 9317
1993 5039
1999 5663
7758 432
5781 2997
3919 4117
7839 381
4643 3842
9357 8225
7348 3720
7012 6633
7920 1737
931 8863
4868 1279
4717 6346
714 11
6151 7564
1728 9682
6444 7415
7756 3464
8449 1299
3153 2675
8526 9543
2493 1186
1764 3011
1737 3998
9086 1146
2474 6728
7011 8658
4425 389
2309 577
91 7755
339 6524
8543 3441
1561 1678
1238 3738
4508 8996
8580 2455
1495 9399
7163 8597
5348 7373
7527 7905
8153 768
9017 1894
1805 1932
9922 5727
3308 5259
2856 7801
5331 2319
410 662
8792 1066
1789 2882
5971 4584
5039 3430
8900 6784
884 1200
4292 7861
7146 4319
142 7156
5137 1962
3558 2491
985 4523
6698 2401
733 6007
4965 3617
1489 6738
1640 3040
4353 8349
2486 9840
8698 2961
9592 3705
8050 1416
3559 3972
5890 3099
4426 9374
5387 826
38 4829
7492 3056
4846 8727
2447 4104
745 449
1845 9076
3756 357
8166 5565
432 9647
6516 1637
5731 1744
3218 8168
3749 1888
6926 9911
9744 3185
2252 416
7475 1246
3056 3942
3426 5580
6255 4745
1709 9967
3228 7183
2219 7582
4465 6534
8335 4399
3497 106
4221 2866
1525 9601
7012 8013
9976 3214
4499 7382
1033 2233
5942 52
5203 8067
4157 816
5023 2181
3605 6749
8474 9392
3675 5101
2307 6038
8958 641
5419 8056
5850 4641
4316 4758
8713 2412
7125 2552
1722 3536
7431 4735
2132 2418
5866 3857
2189 6248
5212 2928
1390 5948
2624 8198
4024 5086
2519 4853
2094 6931
9676 6528
4910 1014
2779 4602
5614 1115
5082 6376
7302 2164
2723 8642
2992 1932
3409 4007
6920 2232
1791 5066
730 1817
6679 8381
2740 496
6005 8210
4593 4410
4294 2336
6957 8825
2656 7524
8317 4326
7880 8033
5372 8102
9606 9012
606 6975
2159 27
4424 6630
3120 7877
4594 848
6039 5926
4920 9135
3862 1507
9867 862
5955 7582
2804 4903
5620 6943
2251 6037
422 7029
6010 1545
2271 7510
3535 8241
3431 1921
8893 1117
700 7593
9365 3295
6624 9844
1854 6109
8174 8846
5461 5659
212 9912
5552 4799
7702 8830
6122 845
7574 3515
7082 9567
251 7254
7863 1641
4890 2526
3229 100
7899 862
4840 6041
7806 8821
6213 7758
2491 4859
7247 8095
686 558
7930 8796
7896 9220
5752 9873
8074 4240
8032 1974
4107 9141
2414 679
6569 9469
7679 3737
7641 6655
7769 9380
5657 7279
3846 3177
2423 3821
7985 7352
6128 95
4159 8857
5982 878
5896 7913
1963 3895
4405 9324
2002 2553
5430 4484
9776 4889
2825 4138
4544 6813
1078 6858
7341 1097
6670 5
2995 8881
3553 1798
6338 4766
3753 1991
8946 2946
8234 3407
6766 4155
3220 4650
6344 8215
6675 6083
1521 2573
2833 9244
3412 4051
6104 5095
1599 8128
3656 5614
4097 4516
4700 5831
8585 550
1559 3641
9671 8096
9635 1907
3706 1752
8561 6152
1903 3746
1686 7688
4730 1607
5795 2918
1261 5928
9255 3453
1588 2315
9398 8344
5440 256
9616 9929
8710 4620
3219 4775
7694 598
9952 3517
4744 2340
2521 7373
1076 3199
1392 8305
1042 2048
5185 7645
7637 739
7808 6105
5924 9637
5947 2258
5812 5333
439 6848
7826 2106
241 6406
6261 9286
3190 5280
2152 1024
270 2719
8169 660
4337 9935
9205 943
8964 8679
853 3393
5182 8406
1634 9286
875 6576
9247 1106
3192 5457
5659 947
1323 7781
2734 1541
202 59
1651 6117
40 9167
8200 9348
4359 8031
5470 8613
1029 5330
8742 3399
6185 4381
8264 4851
5947 4567
6135 7672
9967 9443
9322 4874
510 5540
9284 9600
9423 228
7773 23
8476 376
3162 5262
5029 8440
5386 1142
6677 3131
2249 3319
9474 301
8240 552
5376 7038
2229 1168
6772 8453
4812 1045
7555 1385
3168 3057
2255 9282
8762 7518
5536 622
9853 8182
8748 1418
7404 6974
5745 3588
2330 949
1574 7317
4323 6708
5966 7301
9926 1849
926 3819
6986 5425
1823 4783
2013 372
8033 1227
5980 9048
1728 2455
3549 7730
3174 3585
8707 2545
513 9836
8190 3874
2846 4992
4137 4577
9152 1700
3067 1132
5078 2815
5163 2583
6068 7300
2237 4435
9516 6559
2970 1461
5154 2195
2151 6795
8268 3040
6785 4747
107 6851
6909 2070
5916 2504
345 7048
3494 6309
5463 1859
7373 7910
2898 182
5002 1493
2805 8191
7786 721
5888 7037
5009 3309
7540 8555
1655 3452
1950 1359
2562 445
5073 8624
2369 3967
2421 9325
1849 9720
2990 1399
4403 5432
392 3531
8753 7195
1794 6086
5330 6019
7125 6583
3049 7769
1200 9981
5035 2911
926 654
7940 2029
8847 1858
7578 5292
6186 8509
9292 4978
315 972
2802 3767
2314 6266
7454 6821
8448 6808
4944 4145
16 1267
723 4341
2910 5972
9867 2830
5016 2981
2448 4623
8582 5442
5113 3362
5303 7970
1305 5282
1067 1826
2465 9142
2948 9041
5646 3896
74 1219
1125 2378
8030 7376
1499 5915
7585 1004
5235 2510
3373 5142
6567 7453
9650 4527
5396 180
6542 9751
2029 2823
6932 7254
6088 320
1363 2393
8132 1077
3302 4127
5488 6716
1403 3621
7805 3105
7604 7908
8886 1886
7252 8013
4187 7554
2495 606
8765 4041
2319 1627
5286 2158
9596 5983
1093 7139
3603 599
7645 192
1208 1624
153 7742
9381 381
6275 2053
2854 7477
9528 2879
713 3266
5952 5564
2587 5109
7408 562
848 3490
6426 9234
4425 2476
8914 3950
5244 1995
8632 7867
849 7631
2923 181
9178 2389
8381 6014
4506 1886
7496 5779
2288 994
7345 564
783 6954
8358 3633
3926 3189
7483 7698
3362 6156
5726 4882
2140 1784
1732 5080
2086 1978
2991 7172
8113 5946
4059 4743
7934 2416
3900 9042
3699 3509
5777 83
4719 4110
3487 7621
8549 9647
8724 8571
566 438
8418 3144
4032 1474
9240 8218
5048 876
7967 3225
4310 7871
8976 7681
666 7580
6765 7512
5551 1686
6469 900
6370 9749
2558 7035
244 2489
9520 4470
8239 3616
9690 1512
2307 7486
7804 8299
5625 3594
4249 3608
8607 1121
1061 6956
5421 8538
593 1166
2229 2972
1707 6409
1394 8076
3933 6310
7362 2989
3918 2170
6021 2651
9464 2813
4379 5297
6916 7672
7651 4873
9940 5733
639 6681
5095 8052
1618 373
1308 5910
3125 259
8182 1265
6662 9128
6969 7958
8454 9304
9925 8610
9144 4135
8269 5771
9793 7839
8232 2070
5679 2396
6142 6463
5734 2687
7116 8018
5916 5612
7480 4071
2590 1538
3843 2258
6770 2468
1859 585
8600 197
2351 9654
8113 4110
9645 5182
5995 9038
1834 9762
3573 2280
1122 5625
3939 2009
5624 893
3479 265
1876 4048
2230 6078
179 4873
3289 1695
354 5600
2566 464
3021 1926
326 5790
1164 7837
9348 749
964 9214
8017 6684
9637 3195
9374 7708
231 1302
9812 9478
9711 1249
979 3984
5329 569
2635 4618
5636 1630
3967 6941
8910 6317
3051 208
1451 2819
3194 96
314 8005
626 8086
7609 4742
3688 5153
739 9945
5892 2033
8023 9420
4023 9416
4494 3650
7861 9470
3664 6557
4797 1842
4850 642
5985 1036
7494 2912
3448 599
8507 5311
1367 680
6397 630
3819 8170
1715 7481
7837 9411
6433 625
6649 7718
9184 6608
2020 240
8749 1713
2184 1611
7305 4102
9 1400
8430 6946
9330 8252
2322 8253
1556 8860
9272 1173
8506 7377
6261 9801
8803 3667
6705 9956
5919 8871
6910 7723
1 9905
956 2889
8807 4964
4842 2064
8848 5439
778 9115
1034 4636
2225 5462
4901 7515
8987 8567
2911 8884
7636 8649
8414 5782
487 4131
793 5001
4137 8481
1165 9950
9620 1126
2207 9940
4795 792
2605 94
4213 2204
6665 3531
8065 6877
1205 7723
4441 3412
1000 6337
3331 2633
5379 779
2399 1322
9234 8702
2754 5944
5423 9228
3736 4817
4177 8867
5902 6505
3842 5911
3716 9892
3511 9805
8749 8865
2679 1097
854 4151
3867 5665
8748 4127
3667 6184
5951 6231
1920 3914
3213 7332
2534 3099
5221 4374
5108 1450
5953 8847
2319 5192
557 1693
166 2875
6232 2213
8618 5241
7574 1063
3899 5210
7833 6344
8959 9085
2288 4956
4557 3662
1546 4972
5964 7187
8963 7798
7227 2099
6217 1160
5848 9490
8698 4977
690 7402
3325 6374
5054 6886
5592 7523
8579 5050
3014 4862
6116 7973
9096 5820
6877 7913
7690 4585
4806 2989
2754 1355
6782 6555
4817 4516
4184 3988
9224 7458
6718 4123
923 2261
271 54
1773 1259
1799 186
7403 6314
2236 6772
1386 2950
9207 6993
6361 1076
3527 1239
1072 3626
8853 4180
9991 8722
4002 161
3049 929
7481 4687
2114 9024
9715 8888
9831 4375
2710 5173
7504 4603
4051 9243
6570 7718
588 7906
117 2545
3818 9491
2061 854
7322 8480
8575 4093
8040 9093
2294 1862
5298 1772
9011 6850
1306 2364
5137 6781
6593 8269
1503 5240
1523 3874
1564 836
8860 9474
5581 6967
4413 3716
9651 3936
2343 3581
4089 3765
1742 4563
4245 5979
5046 9787
7431 3548
8005 7234
425 4766
8955 1486
7913 4646
394 3423
1848 2663
7947 2398
4605 147
2099 1439
6944 8164
6022 1039
3157 6940
2501 6271
1807 8900
647 1972
5203 7048
1374 3659
9883 1963
4770 7196
8593 7057
1373 3424
4680 3064
7365 5521
1672 9020
5004 993
3590 5276
6541 6822
2757 4725
2890 6249
9401 4916
3821 2453
3673 7115
6380 6482
2806 1312
7526 4220
6711 104
1582 958
8068 7735
8718 4883
5831 2425
4426 1357
6030 6218
2232 2039
42 5957
5621 180
2340 1901
2591 4608
394 6188
1326 6469
2184 7418
7139 6901
3355 1980
1319 2585
5220 4763
9 1065
4063 7823
5557 7912
3182 4269
4668 8415
3860 8025
2915 9394
8359 4663
5926 3178
399 4847
2675 4957
3899 3366
6041 5442
4491 170
6940 7616
4766 9678
3642 245
3923 6510
2651 9275
5539 7868
3649 740
5191 4610
5295 9984
1825 2266
2517 962
9571 6265
64 4801
2074 1256
8494 5038
2747 3882
6492 2005
4443 4794
5608 7851
2275 5900
1083 8470
5949 7109
4085 6333
1551 9450
7129 161
2381 8545
240 7368
8506 4158
3453 8889
8882 7890
5764 8733
8078 7771
7943 9008
8113 1504
610 1335
8852 542
4776 656
5143 8113
5060 6344
7187 3414
3453 5785
8530 1353
4263 9691
132 8848
4198 2642
4736 4455
9590 4166
9358 1551
2085 3453
42 5093
3917 7641
7984 3909
3817 8289
252 9310
3184 6849
9539 8592
5318 6258
3508 4190
3549 1186
453 4969
2865 877
3195 5647
3281 2423
5843 8199
6717 8988
8805 8254
3809 2812
7022 2820
3293 3416
8252 4943
6346 8707
1195 9273
744 8177
1564 8123
4711 5837
2049 9067
3612 7408
587 2988
9674 2372
8497 7378
7567 9799
6300 1301
8581 6111
4213 7150
6380 9735
1679 729
2447 1683
3051 8276
9668 7794
7204 2441
8219 8599
677 9650
3781 1960
7251 6210
4227 9755
2346 4584
5087 9603
1715 7784
3063 5017
6443 4773
7779 9058
7622 7923
4315 6704
6959 9459
7158 2467
8140 9336
7604 9356
1957 587
3531 7749
115 740
6377 510
1780 718
9079 8930
9766 8683
1489 591
1817 2187
5280 81
7114 950
4113 3029
7437 1005
2076 3377
9322 6239
7962 8069
244 8650
3573 4884
3627 5057
3052 1995
3470 9050
6067 5719
5162 8742
6708 4556
3608 4661
6746 2893
4613 6156
4260 8364
7172 3872
5266 9887
7280 2597
978 2755
8730 4034
3202 5598
2701 3995
6585 2452
5281 7869
6219 5382
5338 6434
6759 3390
6285 588
28 7388
6819 4713
8723 8186
6756 9109
8013 4248
9206 7679
4214 6365
4010 3538
8950 4177
8909 1555
3061 256
7830 3762
9547 7561
8431 7076
7204 2367
8787 5277
8372 3754
5741 2016
1353 2634
6564 5281
2421 9458
39 2175
9057 7005
8296 1083
8396 5268
9156 7742
6034 592
8111 2785
8398 4513
6698 8426
7898 7196
4992 9620
6581 5443
8308 3576
7127 5215
395 521
989 2444
8178 3958
3461 9170
6905 850
8590 4296
612 2410
7169 5584
6265 62
738 3593
3438 5209
2957 5828
1842 3552
518 2780
9020 8121
2636 2052
2462 6744
5147 7273
9305 4556
8427 5914
4632 7313
2131 5176
8992 2811
8956 5294
8027 1931
5344 4636
6192 1312
4260 6410
5138 9702
2998 9825
5010 865
2882 4686
4850 3074
8074 2499
4154 1512
915 3053
908 5156
643 8748
5706 9066
5994 699
1461 3658
241 7900
2619 1776
7705 3521
4269 6348
3458 7840
9814 7859
7200 8702
910 2141
2298 6621
721 2153
4254 3181
1634 9081
6167 9658
5299 932
2394 3641
4614 2745
8599 268
7926 6206
5681 5524
8636 2307
4053 8383
4065 5510
7856 4702
846 7122
7826 5349
55 639
9477 9906
2523 1552
9108 6209
9221 9564
8413 8249
1149 2392
7502 1277
5573 9410
8195 1949
8539 1383
7057 1878
9352 6279
1832 6189
4417 3768
867 5064
1773 8167
8235 458
4216 6111
5100 9052
1751 3227
6182 6518
306 5422
4759 5747
4181 9844
6654 3215
2564 9737
4421 6498
5417 2647
7963 2283
2161 132
7215 7863
8068 8581
1376 6437
1406 6925
1593 1111
7139 7667
3939 6236
9157 2337
9178 4530
7910 7117
9742 4598
3461 4552
7653 9905
9941 7361
1260 8505
6497 1788
555 2378
9393 2211
7706 6990
5295 3111
8013 3071
404 3446
7474 5117
4118 3171
7714 1956
4587 7785
4061 8092
821 1113
4425 3144
9735 3433
4757 5371
9587 9810
7011 8503
3172 7623
8288 2907
1836 8300
9156 8013
6705 5113
8844 8668
6927 9600
5363 1012
2283 7263
7683 5345
1936 7275
7898 1399
8922 5546
2805 5962
616 7966
3927 2496
791 2016
759 5973
6743 2339
5975 9196
1630 4618
9090 7624
8326 682
8128 7920
867 4829
4388 222
9698 1870
9210 6877
4844 4402
2080 6260
8262 7534
78 4699
4556 9617
1104 9966
1838 3442
7898 79
415 729
1502 5996
5568 7762
7885 4214
6033 2750
1702 9225
2094 2890
6961 690
8079 4908
157 3497
6406 795
3321 8331
6806 1903
8337 6682
934 505
8837 2624
3933 1369
6263 1475
7685 1243
6035 1395
3192 5640
1431 7372
8773 5346
5537 7574
4176 2842
5807 8425
6733 3719
8827 5666
9370 2449
1377 1531
1132 2570
8256 5704
2684 7424
2710 9531
2015 7373
3811 7245
7823 1994
478 3111
7400 6496
2220 4235
4024 358
8694 8913
3133 2051
6175 7762
1366 4458
9400 6243
1563 1322
3711 5407
3987 7564
2615 377
4829 8829
8007 6988
678 2996
2198 8310
3511 99
5764 4327
1541 3904
7667 5752
9439 3433
5395 7111
1150 6144
8087 92
5982 3085
3580 1737
1293 4944
5333 5543
5026 1795
127 8249
88 4886
2955 9
2853 1126
9112 8076
151 350
4733 8669
2658 2513
5087 4529
9256 3177
2133 8116
8909 8527
736 9141
9537 6626
1001 440
8785 8265
8778 1942
1151 8600
133 4004
6710 5789
8062 482
6145 5507
3121 4197
9940 4955
5462 6910
29 1474
2276 1876
8835 9430
7712 3538
3255 8752
3157 9129
889 9505
9866 1487
2276 4760
5924 7264
6220 1304
4666 9982
6123 5087
8687 1256
8043 731
1630 4952
1908 6406
6372 2086
318 8610
8854 8529
9271 444
6250 8402
2456 7582
999 5892
5971 598
3265 9141
1108 5324
9352 8302
8620 283
9046 119
4240 1889
8521 8937
2486 3326
9412 2017
8494 2337
122 3360
9993 148
4754 2045
6295 5386
8001 5761
6345 4901
1522 5103
8226 71
1783 9202
8748 6394
2059 8215
5902 6699
2546 1902
9954 3793
6245 6768
294 8860
1023 6342
2598 3909
7803 3932
9963 1689
9633 8086
2843 4934
6104 6131
293 6133
4507 6727
3850 8766
7000 9527
2725 352
6958 2698
8200 1269
7221 1993
6698 1599
5574 36
5770 3682
4246 2641
3327 6104
9585 7698
3781 329
2526 7599
2881 8298
9509 8591
8602 4884
8902 2170
3165 9796
813 3495
2115 5725
1479 6196
7666 3249
1508 7185
8568 5863
6210 2072
1199 3
784 2299
2274 4834
629 9245
5451 5404
2856 193
8374 6058
5479 4808
7518 4402
7200 5503
1797 9512
3248 5071
8680 4765
8162 179
6251 4981
7165 9666
1619 4460
5662 4379
9276 9721
963 561
9972 4246
5998 2393
9793 7038
2369 1270
4946 4302
7063 1053
5595 536
5074 2762
7474 8523
2712 2563
1383 8998
9644 8631
9635 2007
2937 1419
710 5419
6719 9553
7389 3092
379 5123
5760 8564
4661 5458
7429 7562
7925 2184
9112 6659
725 1174
5833 3677
620 9950
9987 6202
1276 108
9420 1023
5813 6430
6681 1849
9113 7269
3052 63
7325 6542
800 4244
4163 2194
6119 9862
7567 106
6649 849
1113 2764
6572 1499
1400 7422
3997 7222
9339 6651
7563 6528
6183 7184
7182 6608
2796 4887
7419 9470
1478 5194
893 9865
4754 1697
2107 8794
8712 8990
4830 8362
2592 1333
5339 3934
4401 1927
3004 8927
6529 6884
6880 9709
4201 4744
7090 6694
1305 3643
2708 5417
3195 425
9689 522
5371 3278
4717 8819
3900 9313
2059 8305
9460 7793
7394 3117
6311 6169
5439 4837
6266 618
7916 5623
2440 5014
8393 9364
2790 3708
2912 7441
1939 4776
6551 2351
8412 9489
8424 9927
5047 5727
580 3842
7915 7480
2982 1124
7951 9633
2171 8826
5537 4986
2751 6118
7042 2862
9597 674
9011 351
7280 6099
4163 5495
2670 9940
8564 7843
2111 5415
8389 3226
3689 4506
7002 2326
9598 8545
4849 450
3763 5646
3963 8495
6976 8744
3032 8600
6691 862
8698 2613
2579 8542
3827 2800
508 6366
6401 4807
6080 7525
875 4963
8144 1572
9227 9037
6631 6288
8603 4302
7037 2392
4803 5865
78 3050
4346 2212
4181 6549
4143 6954
7968 668
9612 1475
867 8878
617 8298
7027 9849
686 3528
9683 4619
3377 9544
1261 8636
9078 8511
4322 3280
2990 1122
5601 9553
8468 4407
4506 4991
2720 512
3736 9981
1222 141
4994 6049
2282 364
8134 3514
7555 9443
9516 2416
8502 8630
6241 4794
7471 4510
2619 3288
375 6374
5543 8544
3729 2378
1039 3670
6118 2507
4764 8681
3210 3460
5279 3129
842 6410
703 9849
9968 4253
1864 4071
2833 3772
4419 6988
4475 2636
9313 9796
1266 5722
7952 6418
8548 2953
5172 8256
6463 953
7792 3292
4578 5735
5738 7642
4595 1320
1727 9276
1203 5720
7277 6748
1125 7524
4283 4705
3330 2678
9485 1921
9010 1183
7554 1341
6120 6584
6672 8268
3423 1902
1647 2090
9671 6062
2795 7017
4479 9702
3969 9006
3918 9840
4290 3382
7288 4444
1324 1181
9999 6147
5703 6453
2164 4617
6803 7486
2607 6061
780 460
9486 361
8053 9063
4545 1599
8263 3583
586 940
8408 3817
2430 11
7462 3378
8044 610
7510 3731
5996 7930
8700 9729
7027 6487
5896 958
2084 3674
7186 3340
9183 8443
3498 7341
8969 8457
445 7304
8067 7453
8143 9956
5560 4936
3285 825
7037 5161
120 4546
6129 3282
4355 8821
9135 1421
5995 9791
4066 2916
7135 68
5669 3665
4895 5749
7428 9569
5524 3315
341 8323
8938 1135
7864 6863
7727 7465
2806 4257
5242 9588
3070 1447
6989 9767
7192 4675
3332 1984
9571 5771
3355 3552
381 2995
9325 3579
8795 9567
3157 6649
2109 890
3685 8475
4195 9713
4625 7225
5633 1299
4621 4725
9513 3329
9857 1743
2735 8797
5678 6747
13 3197
6049 4037
6985 7775
7357 4473
9633 7412
6499 6172
6725 5811
608 8729
2671 1438
3984 4271
1637 8835
6521 1402
4127 244
8415 6356
3315 259
7893 3857
4817 9901
3535 9093
2749 7707
6415 2357
4675 3923
7765 3867
8796 9811
6924 8183
5845 5285
3710 7067
7139 7993
3807 6457
25 3203
6637 7557
2209 5653
8343 6016
6711 6395
6849 230
4841 2719
2883 3095
6975 7429
3837 7279
3988 4219
931 3433
7121 2368
6007 8235
8039 4477
3071 5233
4763 6939
9443 1866
2996 6655
3982 8003
7563 2400
5065 7857
18 5603
3753 486
2157 3819
6176 8059
8785 1624
7163 3527
3362 9063
3479 1169
5601 8625
3377 7217
7885 835
6667 9265
9687 5700
2963 449
3632 4715
5151 4353
8823 600
8531 1243
7811 5611
7791 6189
1505 413
1985 239
7867 4492
7835 1548
1863 74
680 1107
7166 8857
582 2485
5842 6453
6346 8271
5663 1044
9963 90
5196 8381
5747 5020
7703 1138
2883 1464
2944 6919
3105 2130
7344 8927
1454 9499
2038 8535
9269 5812
3700 6475
9749 6692
4237 144
3112 6211
72 5505
2436 7901
1236 4009
