-67
-694
835
786
-457
495
-699
-592
-405
-745
656
501
48
856
417
-600
521
221
-548
-421
-139
-293
-313
662
995
-855
-228
-333
820
132
78
-927
-953
-381
-758
661
805
-785
-526
778
-83
-62
911
-300
749
-954
-781
-431
802
734
929
-216
-159
-925
-668
26
-248
598
829
189
133
702
956
108
-369
210
10
30
-687
-380
226
-555
-135
-471
95
-217
-755
-272
309
885
92
-208
-468
-434
-270
315
-103
-774
-183
737
-420
175
-987
597
-549
-314
-293
997
-781
959
435
142
-398
-938
480
354
557
-406
-822
262
-713
259
631
444
-106
-578
-884
440
49
-402
-346
951
-625
-651
-344
518
59
-910
197
84
236
-527
103
859
-346
888
938
580
-991
-620
489
-527
11
804
-757
739
-194
-74
227
-977
-999
-744
933
297
-946
778
-782
352
915
-149
484
168
-404
-672
509
568
306
-163
526
-564
-815
919
-847
-458
747
152
800
786
-535
108
383
649
398
-795
525
-35
-777
546
-400
911
372
-963
786
383
797
-453
697
-146
-351
414
246
-647
290
665
-847
411
-482
-590
-796
498
999
716
-152
-617
728
-82
-253
-590
-717
-373
738
-814
-717
974
-556
-807
-205
-324
514
362
796
943
-511
960
-286
463
715
-199
646
886
-725
357
-756
-845
895
309
838
-374
-8
145
449
-495
768
-348
446
147
-594
-122
-455
614
752
-724
831
688
-520
463
-479
314
-233
-178
477
634
159
379
-206
790
340
-627
-803
279
314
-18
-615
974
857
28
605
911
-12
-746
-197
963
674
373
-918
-647
672
152
-853
-696
-974
-48
206
-318
-933
-798
191
-582
281
-380
406
856
887
325
841
-490
-467
323
-468
-382
-649
925
-255
-708
-10
364
-521
-108
927
-748
81
214
-431
710
-262
-397
127
881
-741
323
-697
-388
-482
738
-570
-217
-402
270
484
143
762
715
-343
-805
-768
176
654
-617
-117
-252
377
-845
-382
537
-643
490
-419
559
224
798
200
-753
-343
-906
-469
-682
-671
-115
-527
549
95
-826
-357
-291
-398
-258
647
-905
-995
172
-66
-827
402
232
-842
-436
-661
366
800
704
-656
-305
802
-935
-621
935
-868
-952
391
294
848
-893
-839
-220
-321
712
636
570
92
-771
448
-913
981
626
981
125
601
765
-25
-804
947
794
996
-859
156
-951
-934
414
-847
-606
971
-979
-710
543
-695
-851
440
-55
-125
322
192
-47
-227
290
-711
244
259
768
671
319
363
-749
-292
-412
190
-559
-643
810
-13
-545
-775
-791
-339
491
305
-734
-429
-465
-73
-873
502
913
-454
-815
-132
503
-772
706
-535
-237
-381
902
153
-364
-319
-200
825
-111
783
646
165
-523
-923
-546
422
449
685
98
-205
164
482
604
264
-785
-464
-729
-492
649
-951
673
912
-476
-524
-672
-699
-529
-597
-792
-326
878
306
-409
773
-425
980
57
-183
154
557
135
-974
535
210
433
-355
-289
-2
-850
-478
901
221
-917
-761
875
-228
-751
450
-322
-676
80
-188
861
-183
-308
-772
41
250
-279
-154
37
-654
289
404
-641
928
629
-912
782
260
704
140
874
-27
-310
709
708
-47
-845
-825
211
942
-705
98
-883
-965
-317
-893
722
490
-746
-411
990
547
-656
-353
-737
-722
263
-601
-930
414
417
1000
765
341
13
-342
405
-25
444
-766
244
195
407
-999
-465
-594
276
852
-779
69
994
925
-498
699
889
890
-546
115
-337
-484
584
646
-258
643
543
498
-437
636
-432
251
736
134
-593
716
356
918
-224
187
-928
-393
374
-842
594
600
965
-563
-334
148
196
426
225
-147
-199
-583
990
3
-468
-95
290
-179
-310
882
-654
-510
-730
406
774
-313
749
27
571
750
-183
329
-798
-979
-388
196
-441
299
370
-756
-719
-423
958
419
-933
-848
-488
-998
-206
902
499
-894
35
725
-815
-648
201
565
-409
827
-394
-25
402
343
-441
-922
438
-519
-67
453
224
665
760
-618
766
-107
-316
97
553
96
660
908
-399
-564
308
431
-170
-908
-392
495
17
965
-626
-67
-402
685
-290
-845
860
-6
-465
995
537
188
-322
-924
-378
-299
-338
351
129
340
753
-236
415
-92
604
300
-789
987
170
309
-590
-350
-668
496
879
514
-845
362
926
-216
285
-508
-828
821
-96
709
-478
-378
110
469
658
475
-965
924
810
-497
-945
738
-93
411
148
-473
-960
375
878
-807
-472
973
-844
667
-353
-809
-524
943
607
486
36
629
-944
947
444
765
-611
-201
-738
661
-989
-472
314
-966
-501
-954
839
-356
-337
-658
868
-74
812
75
111
983
-151
-756
695
-401
765
455
159
690
-869
-198
-925
-788
-859
437
430
-928
-401
-649
-5
903
79
-359
701
-383
232
989
793
-558
-643
609
-380
865
663
-663
531
704
542
-892
-354
178
-99
65
-546
-645
-609
883
630
-840
879
-907
78
-7
-471
897
-331
186
-970
-999
372
-273
-214
-363
766
530
624
-254
-548
-382
782
524
-277
552
-711
-93
-688
173
-545
-161
312
-817
-163
-945
-252
-721
-961
92
-649
-571
647
-334
-719
297
918
972
-436
-396
-201
-68
275
-28
-742
-424
-22
408
761
666
-484
-636
-693
611
449
286
-763
54
775
703
-119
-71
86
518
454
-306
565
73
-366
498
421
351
-992
103
-68
-439
-11
-718
112
-299
-189
206
83
-508
-848
262
34
73
642
459
-967
-473
723
-602
-336
284
-710
111
143
-31
-731
-256
553
339
-27
407
371
424
444
187
693
663
642
816
387
-61
721
618
-659
989
955
-940
934
-65
18
898
-428
-452
434
907
29
457
-652
-656
-240
-841
-174
971
987
-805
-354
744
897
-716
-916
-930
-457
717
697
-103
819
940
307
-719
35
207
732
414
-222
-890
206
-65
-718
-1
-510
272
-896
-400
609
748
-999
990
799
733
-457
-145
-128
-988
569
365
548
584
973
637
-258
115
-254
-568
428
-566
710
-874
-600
260
-766
-661
-898
232
730
-50
674
-327
-155
-339
-448
502
941
-942
-86
-405
-932
-434
-671
-559
-462
370
-728
-589
-620
-245
192
-768
-325
-622
980
370
-435
-973
-972
-546
-209
794
-265
125
-549
256
-397
-734
777
189
-454
-961
-999
-471
-684
948
-567
320
-109
-170
356
198
-931
333
923
-815
88
-463
303
-385
108
194
-72
58
-814
-961
622
244
253
-42
-360
-663
632
-978
417
-820
141
-101
-937
632
-342
-740
190
202
-127
956
-667
897
-454
725
-853
246
-198
157
19
-710
-218
396
-550
-140
-972
804
649
766
-572
-385
-601
33
972
-221
-653
-365
-872
-106
440
370
877
-488
108
883
-30
-441
-234
-888
970
64
285
658
-603
564
395
-748
376
-210
591
-401
903
-745
91
697
-15
-787
-290
250
534
-350
332
416
54
638
644
-35
745
757
-763
-576
100
457
748
-10
-121
-509
107
808
991
-609
-314
-478
255
-408
-906
-259
-872
321
-700
-294
-982
-265
666
-157
357
219
130
-727
-802
726
817
150
-771
982
-634
965
935
-907
-127
331
3
-162
428
947
-379
373
132
390
127
-442
422
707
140
-550
673
-547
-371
-594
-140
-599
727
-405
117
-470
-527
190
-844
-382
161
-465
509
-419
-877
-36
-318
781
-20
89
-452
133
-56
-690
-587
402
-457
-661
585
-87
327
25
-431
426
581
546
-661
-57
555
-816
489
385
-697
-267
-598
837
799
607
-735
800
164
962
514
-498
-207
-424
-493
-86
906
-343
-674
851
447
-521
322
-358
383
-628
386
141
-102
-938
380
-621
-524
-420
-257
-205
838
-799
948
260
-383
-227
260
-248
-396
370
950
-804
352
-79
220
511
755
-848
937
-536
998
-911
648
103
-493
589
-924
641
-634
-491
216
-592
890
-33
-18
-622
144
188
288
-487
-480
-15
775
-279
573
-292
-67
-944
991
279
-140
-577
966
-488
857
-953
-308
404
-317
867
-76
-501
-246
-339
-609
148
-532
964
-28
-156
498
937
428
-13
-213
-792
315
150
-422
-134
-616
71
638
749
-211
-288
-833
1000
593
-438
435
354
-476
-863
-742
649
464
-403
39
-466
-456
-144
449
-640
361
-339
17
-40
-432
-954
795
570
-303
-384
-822
194
-300
-808
724
862
-354
-111
955
-408
571
-502
822
537
-60
395
705
325
-410
822
760
-702
-225
954
643
198
19
157
462
219
-193
-709
247
825
-991
857
300
907
535
-25
602
-166
-708
-16
565
206
-625
581
182
-631
632
-519
275
-820
140
-859
706
13
-733
945
-569
117
715
600
-605
-826
246
-213
-831
343
-513
10
569
310
-530
803
646
701
876
543
536
-521
-428
263
-589
724
-104
-221
-642
-247
918
-529
203
58
-693
884
200
-421
805
242
-454
23
-259
11
456
234
223
-841
-45
733
105
521
891
-526
-118
496
368
-459
544
766
-477
-664
-925
-348
606
-829
830
100
649
844
-747
-901
-914
-506
-43
447
441
919
810
425
78
-349
363
-567
-699
860
-578
180
-883
-806
673
-738
726
622
-715
-109
-1000
592
-530
-786
-12
-688
-322
33
-521
-951
520
633
341
-173
305
-259
-778
-335
-387
634
127
393
-500
608
-246
-609
560
-474
-988
-301
542
-512
922
-285
-175
-694
376
790
-986
-834
-216
-260
655
-671
391
805
-815
927
128
-221
461
-850
983
598
-961
-604
-553
-386
610
-305
-32
700
407
-222
-769
291
-520
-596
-153
270
-142
110
277
-66
-548
377
-611
736
671
-179
725
185
-291
104
880
-444
386
220
-725
-392
-56
136
-825
-990
253
623
163
983
967
238
951
715
546
-58
-296
-361
-731
483
795
-245
274
896
-711
491
35
262
577
818
-379
-297
-690
963
153
-686
636
-505
-903
848
234
855
-307
303
424
846
-29
-500
845
-935
239
-578
687
-703
890
-899
-796
37
-263
-186
-807
-394
-679
-516
-371
-290
773
445
-597
-499
954
-777
-228
-10
62
-107
-18
-844
-862
910
4
-446
-81
-446
-196
-712
-499
-703
768
-125
-615
893
-369
428
-677
426
-839
-732
847
22
433
-385
-491
923
-845
-751
839
822
-658
-874
946
910
135
-894
361
-956
610
-656
1000
990
604
640
-282
-329
103
877
-348
-829
-392
215
229
-331
-143
379
613
-281
-236
572
453
637
-712
291
-273
231
-707
-906
128
806
-696
-182
533
579
-691
-315
93
-764
-842
446
-408
705
-833
-408
268
-24
-903
356
-578
-566
-224
454
-343
723
-951
21
-529
162
443
478
565
775
-430
169
598
-945
-821
-863
879
-472
173
910
-140
134
-903
585
848
-630
838
-403
-349
-328
669
-603
-4
64
942
-158
-542
918
-521
-713
-736
-929
-641
-290
426
-298
359
-404
799
-709
809
-766
-542
342
889
731
-649
-858
-467
-492
163
459
850
742
-585
-563
455
-845
750
916
-382
491
-666
-605
-736
700
553
824
183
374
357
564
775
539
-375
-248
256
-874
281
679
109
544
-245
270
374
-184
38
-355
-420
-528
-456
54
57
545
939
646
-164
-304
-319
372
227
609
488
884
937
-823
853
836
-546
917
-873
-328
-835
239
949
-202
651
777
799
-571
-528
27
656
673
285
199
522
807
-868
-268
-762
404
-975
287
970
468
-403
863
-637
-159
-926
538
-902
-893
693
-875
-455
-444
-924
682
717
590
-545
-706
855
660
-225
291
508
-478
845
102
-626
-222
-433
-857
-72
876
-52
-844
815
-877
-449
850
434
445
-492
-70
-791
-796
-136
-956
871
278
-574
-375
-21
447
-364
-798
892
229
-654
-824
957
905
-17
-257
496
-542
347
-992
-416
-123
21
-149
-14
-640
-987
-345
110
-194
924
-435
162
-161
437
952
71
827
-457
-349
431
-94
-140
561
97
251
-129
-310
-909
-959
34
222
685
592
-431
579
-604
-286
668
57
890
389
-381
-706
21
143
-261
867
607
153
585
90
-585
-959
179
-988
824
289
-925
320
-682
-611
-627
73
-997
-355
-536
-116
-977
503
-148
81
-126
577
713
755
715
-315
-669
-441
462
-805
-620
294
-308
-454
182
-930
984
956
342
992
448
223
460
-14
-696
-139
-333
671
813
887
980
-404
-940
-492
341
-507
666
-6
-586
522
-5
-256
-745
692
558
668
-450
-699
-537
-975
-344
-267
919
734
-925
636
352
-366
-219
823
-531
-198
-295
-405
474
847
548
-44
477
-72
-889
822
987
479
-563
459
478
-29
159
165
-412
294
-903
-234
496
110
-489
394
916
702
0
234
230
-546
-763
-357
562
901
490
931
-352
83
-389
-328
947
481
32
-648
-138
-86
917
108
73
-873
121
370
733
377
-423
350
-751
-839
-449
-469
-481
355
930
660
636
82
878
-66
-652
-728
-611
-810
822
342
-787
-950
693
375
-621
518
112
-685
84
631
41
-583
-916
-90
800
626
743
-382
669
-163
879
-320
657
-289
-280
349
422
-721
811
-192
-922
295
-487
898
-833
973
-499
890
558
526
-450
719
924
-598
-480
336
-874
452
-629
269
329
-278
893
-26
-193
167
623
-987
-758
768
-838
-880
-422
-77
842
-916
-731
-736
211
-508
124
988
20
357
517
182
-589
736
547
444
849
-171
-697
680
922
-587
813
-716
-802
-562
-846
-749
-425
865
182
-880
266
-144
655
-329
246
-201
-974
235
626
-100
-638
-992
209
-438
139
-72
79
265
-361
691
-921
32
304
960
558
751
-745
598
-921
-489
-173
-20
-989
-161
-309
-424
684
-680
-571
52
-981
675
-831
637
997
-187
124
-523
-530
-944
-37
-175
431
73
-417
-452
-73
-22
904
-637
733
-632
-49
996
733
-920
715
-38
-653
-469
109
-820
-85
-213
12
506
-138
865
-714
-3
701
-948
705
861
-111
-339
650
415
743
473
812
-447
234
-759
215
139
-811
-984
139
-320
991
145
-555
-231
524
-663
-343
-3
9
465
519
382
397
692
510
-368
539
-214
184
624
-161
-711
346
-384
-320
-784
-294
192
57
-68
827
-462
591
170
795
542
404
-800
-909
-701
-40
838
-27
-36
378
-701
-840
8
796
921
442
-819
532
931
-771
-715
-657
216
-756
858
-926
-685
-855
495
-235
786
-1
275
677
116
-735
-329
392
-630
-763
-802
212
-860
-321
94
-904
518
-225
781
519
742
-925
954
-840
-149
-871
993
252
-646
-331
973
-42
-572
180
-58
-140
607
-577
-133
-830
371
904
-100
-480
-788
10
-241
-39
-306
971
279
930
422
-469
-48
709
-194
-361
-359
285
-297
-834
-827
-329
114
-120
833
-709
388
616
197
-660
421
-797
-241
-339
-81
359
-251
-167
-381
678
603
-604
-434
177
-224
307
-931
-745
775
-792
52
-278
5
225
-268
-996
757
432
-580
-756
-959
648
-644
938
-134
-90
-926
998
640
221
-271
-869
-267
710
-292
433
689
726
373
177
316
401
-249
-636
-936
-544
-29
-20
12
347
444
-690
859
72
-867
627
-396
656
496
647
-432
-287
645
497
-13
-293
537
-370
-563
-624
923
-205
420
-582
708
564
923
-955
525
625
-551
-791
-241
576
712
971
300
-627
74
289
425
558
834
990
647
200
444
762
635
-816
-886
-228
510
170
284
911
914
-407
28
809
-722
-289
382
-351
194
-531
-523
-650
-110
-270
-288
418
657
-311
535
-699
-84
-793
372
-109
-688
883
-112
-18
569
-297
-399
-201
-664
637
-922
203
833
101
899
525
-935
-478
850
-729
779
-186
-665
762
359
596
-131
776
-861
-527
-243
-143
339
727
-60
-500
234
647
-223
313
-537
169
7
905
-555
-67
-785
433
483
-488
677
382
164
354
575
538
-631
-64
113
26
250
964
-238
-215
807
337
802
-839
-75
613
866
-657
375
195
-93
-363
18
-532
-386
945
692
-225
-984
171
89
436
346
253
-863
358
-761
-827
641
747
85
-7
-332
266
-132
76
667
992
-917
-434
-661
-625
551
-385
-917
392
-469
-792
546
-254
211
-963
-24
779
193
-730
537
-138
-201
-398
648
332
-501
919
-307
231
-569
419
640
-834
-870
724
282
724
694
-632
-21
-792
246
-619
590
-942
-639
498
-968
-592
885
603
-149
-671
67
-368
125
449
189
683
422
-571
-547
-381
939
440
-885
-996
-24
866
-92
-518
-49
-428
-43
-368
50
579
399
-555
843
-468
4
374
404
-711
-237
-157
-183
-304
-543
457
-640
49
-722
195
936
764
998
186
-17
311
895
850
-34
291
-762
358
-457
327
-849
407
-672
-345
145
497
699
669
-51
668
886
981
350
533
625
312
533
-619
630
276
730
44
-212
258
288
-141
-530
168
95
947
-9
428
430
506
-307
-677
762
-290
-811
-607
-267
-802
584
-679
-318
546
414
-120
751
137
63
294
768
122
586
-411
116
325
-871
97
884
720
398
-732
-738
-793
604
-291
40
-741
513
-134
319
-291
60
909
127
888
-140
-836
-405
99
366
-330
-780
531
472
955
932
821
637
-410
728
401
-943
707
954
-30
-904
691
657
680
10
-775
-442
620
715
562
269
-420
861
720
-430
-22
-230
-255
158
387
253
246
28
-43
132
-44
689
896
-121
322
851
-908
-879
-761
-870
208
-948
484
-283
-240
-241
377
383
645
-454
605
-941
723
587
665
351
-31
206
-295
-38
-943
-200
520
-356
842
-169
-408
945
184
-784
531
328
957
506
411
984
-827
1
443
872
-88
421
-223
920
499
753
264
118
853
-168
409
-932
218
169
277
-918
377
-90
-104
372
-613
-779
-78
462
-889
689
-252
169
912
407
-274
202
-863
70
927
52
21
412
341
494
876
761
90
-742
-3
-813
144
199
-888
-104
786
-223
-552
471
902
961
-704
668
-987
67
41
10
18
-235
-987
-234
663
-949
-773
385
-645
-858
983
-869
-183
-569
-721
559
43
923
-561
47
331
515
-73
-109
564
-678
-269
13
-744
813
-937
-792
150
-604
-399
-84
303
-296
766
297
-354
538
-836
-343
-668
885
831
-919
-95
-1000
-218
593
-990
243
662
131
670
380
-377
-487
-428
-358
323
-26
4
447
761
340
-180
-127
342
540
275
-113
-64
88
-251
936
786
-857
572
147
536
195
-784
-698
-56
-50
524
28
-478
-4
541
958
803
-389
-735
-9
-465
91
-616
131
787
298
72
504
844
-77
-976
-267
-730
-955
217
-217
-693
698
-780
910
93
710
-702
-160
-656
-575
-106
-451
225
-930
565
-107
719
499
795
-449
-71
-201
282
30
-397
170
565
-615
-388
-737
831
-302
723
835
511
980
-989
26
-927
262
-71
-874
576
-802
-59
-339
184
262
642
956
846
597
-22
-582
-956
-256
782
-285
-962
857
-590
67
-753
694
705
-960
-984
-426
160
529
983
758
-607
98
75
-365
-693
912
179
503
-739
691
-478
-676
991
-839
-941
220
33
-401
-213
-889
82
-759
-768
-998
16
791
-912
-185
-887
-807
527
-373
221
-442
104
-710
-256
-977
-238
-146
784
-244
660
242
914
-919
952
903
577
328
136
97
28
-721
-551
-232
-148
264
-341
488
813
-872
-866
638
-957
551
-435
622
-937
-476
-855
195
-839
879
-107
121
-673
-866
419
33
59
-260
541
213
-483
619
-712
-840
-352
211
566
-328
-103
292
-370
825
332
14
351
-512
247
-984
-659
-761
65
618
-523
-244
76
207
-337
-436
435
-12
-1000
-840
-917
914
114
884
519
975
-541
-237
-983
-873
-503
-555
195
-52
435
-263
147
483
900
874
479
-310
-652
768
-802
-158
-337
-582
32
-995
89
-941
788
-862
-706
-417
430
-597
974
268
96
-395
13
-826
-334
-63
-223
244
274
-131
36
517
666
-345
872
609
413
-182
403
-450
-827
-282
841
-118
-586
-327
-792
-399
-873
299
-685
77
258
874
216
920
-359
383
424
94
810
-196
18
-377
-349
21
380
-552
659
-290
215
-309
-281
-848
-168
-104
129
-316
821
848
-339
-350
-243
450
372
-548
1
857
-719
359
324
925
136
-626
128
-43
532
942
-586
966
337
-43
180
-348
660
569
548
-570
-725
-933
911
-732
628
-151
-515
-159
-927
177
-173
-238
626
66
-937
524
-911
-990
-866
-889
-297
510
-751
227
151
874
-705
677
-416
-40
672
681
-97
-875
603
-629
-148
-108
132
232
149
-747
179
-947
753
-134
-196
828
584
72
147
-676
292
-763
-787
307
-755
-878
-476
-505
-778
521
-657
-806
153
-90
-768
124
805
-892
-114
-914
-105
-583
-422
-685
-542
-836
-701
-431
19
162
-309
-874
946
-534
518
-844
-683
407
-780
166
473
723
-653
-897
440
-1000
-404
106
-277
28
-486
-232
-307
18
111
356
43
480
-178
-894
-394
-825
863
-383
-109
-901
-792
461
654
-8
697
382
-988
576
224
-523
925
-784
-654
-993
-831
-764
-568
346
922
-408
-162
234
-783
378
301
631
-973
444
-283
883
256
430
572
-819
-496
486
830
-906
496
-63
-472
-406
-542
-437
52
196
23
622
-399
756
471
675
-772
-855
-160
-614
-443
41
147
739
788
-992
-387
281
-179
-67
-850
-539
-267
540
-720
-4
840
572
-271
-109
-908
741
-918
702
199
-803
-79
-538
21
-726
591
-873
-791
163
-247
-265
-171
-248
147
-170
-238
-809
116
-978
-458
-146
-33
722
964
252
-695
331
-24
-841
-971
-916
-544
743
391
-1
-423
267
899
-790
-585
786
689
185
349
519
-930
-630
-820
-916
5
480
957
690
223
875
-768
-554
-58
-78
347
-103
-183
370
356
767
830
-747
-356
389
-776
388
-348
458
831
925
-365
-635
-536
-601
937
190
758
496
-736
824
782
857
-167
-569
331
934
-94
990
-893
-444
-40
-851
508
-732
8
-176
-62
724
-320
304
553
-393
146
26
-88
817
-197
-649
-802
-943
-176
-330
-743
-548
928
360
-323
759
-808
-599
432
-837
-140
-765
-573
954
-523
116
67
-892
-388
438
435
-129
603
-879
-101
903
874
-248
-897
770
-30
470
-434
485
154
676
-553
-192
-13
-58
-628
-91
46
545
-775
547
435
-600
-806
398
-654
26
-751
-765
-28
991
174
-432
-486
-539
-36
-608
851
443
-845
-212
283
-243
-532
68
-831
-594
-270
873
-180
-577
-114
768
-539
-218
23
-521
447
-93
905
-232
477
74
-827
-723
343
-200
330
-149
-125
576
-298
211
402
977
-285
-182
122
886
-180
-556
364
591
-139
-607
771
136
401
-547
-449
127
-91
132
-315
604
685
-451
-613
135
-71
-497
-960
497
898
113
-184
-494
119
-569
-562
456
-286
546
662
460
-740
-976
-326
27
-710
-270
720
-105
-373
688
260
-21
-539
22
-924
-739
571
225
47
411
222
468
812
-235
353
-387
-206
858
-862
-807
131
-537
667
361
-38
-916
712
817
-680
-316
-54
434
-246
-453
354
-98
-669
505
-645
-464
574
984
924
981
8
-671
394
-146
-387
-859
16
876
-62
-819
57
-662
-121
-610
-648
-619
-280
523
104
273
639
-458
-865
28
-97
-811
-552
639
-867
947
771
917
-193
323
161
914
761
801
-567
-201
-954
-279
868
712
-81
954
966
220
236
253
-246
-997
737
801
926
-759
632
658
-26
755
420
-397
392
-158
-510
-639
874
-414
472
-919
72
-50
-419
-23
-333
-140
-422
860
-849
133
-528
-404
-115
-226
-186
288
-420
-51
-466
-799
-250
445
-385
-256
-58
-188
-256
893
242
-576
511
620
-878
-429
521
355
-745
619
180
-583
676
13
-432
-818
-401
-613
184
64
-263
-584
-325
-574
-523
855
320
-139
523
-844
430
-199
897
-736
397
49
-581
288
543
99
766
144
719
821
448
-630
-707
-995
823
141
854
4
-932
995
350
564
-539
-271
-615
514
-649
-403
-607
-351
901
-553
597
304
-963
-17
-294
872
-192
-71
904
918
545
-279
682
-643
329
-836
98
107
-912
-381
534
709
-443
-65
100
931
592
672
-952
-989
709
37
558
29
482
757
383
-516
-180
56
495
-405
712
879
-262
758
-416
-453
-307
-582
-507
-758
-954
763
-343
-262
-653
134
594
545
-5
375
695
-132
-571
-974
-493
315
756
-929
-428
-939
-951
-755
82
151
-145
-150
859
266
-416
-94
117
-664
-180
-422
941
693
-877
-804
-9
38
464
580
-501
174
-664
349
-154
-837
449
-940
-775
834
-472
-420
-968
-601
-99
-206
-468
9
718
-16
-123
-617
132
907
-126
892
99
476
0
760
-515
71
-354
-438
689
-608
-961
-976
-727
-574
-823
-536
-376
-159
888
66
87
-319
-527
-839
-365
-698
-978
875
-257
-997
360
114
-651
-45
-450
287
-151
652
-831
-70
-432
-353
-622
655
518
836
-645
-525
-259
-750
-907
564
17
-911
-775
680
948
328
681
697
-815
689
-628
46
58
-844
514
-309
401
-46
667
324
885
-568
290
-704
-838
-698
427
-317
-524
520
698
344
391
653
561
-432
-346
-207
-296
-831
650
486
-942
-903
96
-798
-183
890
-455
-209
417
757
-662
657
-877
481
-291
-497
-274
-326
208
952
-874
-948
-274
313
-467
-494
-947
215
610
-481
-550
755
-15
-405
576
-234
-235
507
-23
23
-193
299
-958
885
-474
655
540
869
-650
-298
-349
-156
-817
379
-688
369
25
-606
559
-249
-93
-250
-383
163
548
278
712
875
-63
279
-950
-810
-193
539
-879
-869
-111
77
754
599
-418
-659
-53
-581
-557
-181
-848
-895
343
608
-500
2
-273
426
-788
385
-703
431
-59
426
622
624
16
-269
-666
176
475
429
-181
582
-616
961
283
522
198
-97
-357
-367
-435
-147
853
283
-73
967
-857
261
-266
-842
865
-289
-627
-248
610
931
865
683
554
552
850
-71
-747
255
337
689
556
-216
-956
516
-13
-875
616
-406
-800
504
316
-219
797
452
781
444
858
-597
104
228
-309
-202
-740
-820
-943
407
630
-665
-707
92
-706
138
380
-963
684
478
-605
3
386
-258
-545
-462
-490
-948
-137
192
-883
-644
-775
601
-610
-190
133
-361
-781
717
560
-579
-755
62
825
120
-520
-23
-347
-128
-897
-335
-959
-8
-69
-46
-335
800
-387
464
-131
652
-500
-892
57
945
-504
-145
615
112
682
-217
558
444
-677
-103
816
522
480
-453
907
-469
-920
839
-982
1000
621
-570
544
280
271
614
-239
-820
-428
533
317
-7
-229
310
-825
-965
473
743
450
-851
649
927
797
-870
519
111
727
-698
-366
-596
1000
-885
54
-230
-198
-349
163
136
-669
-801
-411
568
-935
452
166
56
900
-343
-390
-650
-596
-351
51
-688
-249
-151
-555
730
665
-606
32
-756
-648
-947
935
363
291
917
-272
-808
-649
460
845
573
366
-455
-501
229
482
-635
990
689
-564
425
-917
222
-58
-923
737
-253
571
485
521
-244
-490
360
736
952
519
-448
416
894
-69
-784
114
-257
290
-378
-714
588
39
336
-649
-575
879
-445
-983
-227
-674
458
7
372
-61
-360
27
687
884
861
-781
-543
-565
926
344
641
794
382
-242
-697
-339
368
-357
541
310
646
861
-799
431
-810
-797
-760
-415
959
991
73
441
577
-591
-551
687
-340
945
95
-424
