5500
6971
3572
7600
2822
5687
9741
8623
7954
1029
9913
380
7965
3679
2626
3699
7972
8302
1799
5911
6896
2345
2048
5772
7308
7064
5155
7869
4414
1925
6966
3105
6399
1428
659
5416
606
6630
5682
7950
1226
2986
8264
683
190
6709
1730
8195
7897
406
618
8967
6141
2747
2184
1060
6496
1680
2840
1528
6302
7528
2628
2823
5314
8508
6118
6494
355
780
7067
8767
4220
902
3795
8699
9786
1397
6590
8925
5384
1984
1584
1064
1677
6095
3943
1547
7544
5289
1003
8039
7
2735
7084
3671
6493
5491
8580
2125
6533
4959
2038
6603
4346
1680
7736
6677
3765
7841
3069
9739
5640
2811
6111
641
8113
1383
4766
4282
818
9024
9398
8531
1459
7937
6146
2585
5037
7647
523
636
2404
2095
7604
8550
6585
3575
4285
5770
9180
9220
8595
5084
5615
5400
8198
2006
590
3806
5073
8850
5188
2877
4334
1259
2475
9425
2012
8105
3721
9476
1396
2011
8552
1436
8017
6163
6294
582
7580
5536
402
8780
7331
8706
2685
638
7046
1789
5260
1150
5092
9749
9812
4410
7561
7050
1780
3782
8189
8473
8608
7897
9912
5924
9980
5172
1365
4032
3436
7798
5387
4799
6139
6665
3441
5227
3421
9236
5403
4671
6171
6847
3708
6229
7141
8824
517
5502
7126
2631
9595
4073
9389
2026
1807
7967
1736
759
25
9299
3973
1963
8464
506
1806
8417
3612
9496
5578
9575
1236
7262
8920
2657
1999
1697
3353
719
8371
802
9436
5058
2730
581
5848
6259
6459
6769
9544
4109
2394
5998
3177
8237
2428
6014
6777
7447
7503
8207
7537
7519
3845
3668
5603
3930
6126
1183
2870
2700
5779
1141
7655
9778
6626
9197
585
1464
5357
5678
9007
6875
5456
6961
4985
651
1722
2624
1060
4647
1656
1451
1315
3021
6249
410
6161
4569
6242
7350
2575
9611
9886
6688
1586
5931
2635
7673
3790
7847
1879
4661
5957
3747
7761
7358
5643
2373
9767
3412
3034
7942
6305
3233
5110
4778
2453
2841
5542
6466
3767
2957
3401
1119
1660
7379
952
7308
2392
6339
2822
9886
4439
4660
4675
3046
28
9841
3082
1797
5717
8526
238
3277
7925
3769
2884
1967
648
6493
4694
9368
4312
5158
8582
6712
9094
4003
4579
6193
1224
9041
2664
4667
6398
3094
2498
8873
5661
2948
5541
7833
7593
2227
6786
7444
2910
9849
7996
3577
9940
7672
2971
8337
9874
855
3372
3844
3699
1143
314
4387
9138
8585
5508
8214
414
3905
7067
6792
8870
1590
4177
9461
9547
3734
3311
9795
1118
5668
1604
3993
4770
2548
5251
5895
2249
43
721
2890
5279
6835
9727
8453
6540
4710
5484
9178
8348
1040
7725
8798
1184
5829
609
2014
5871
6296
2760
7416
9904
4251
3565
4938
595
3012
6859
9728
7230
7155
8792
3125
4963
2349
211
5627
3606
8466
6796
6926
3804
4898
7857
1347
3831
9025
7790
1428
6795
5086
9422
4726
714
4079
273
96
8153
8607
3679
8382
8710
2417
4965
7489
1554
5793
7533
3837
1633
9607
2909
5053
1616
6704
6220
5648
7851
9910
826
2779
3559
19
9797
1899
3490
40
2672
9262
7906
803
2683
3670
4657
8652
4222
1623
3487
9173
869
8470
672
9259
1754
634
7376
6475
9074
9695
8296
9556
9656
5780
8955
8676
3719
5110
5201
3543
2842
1113
2965
9462
1017
3317
2465
2325
2377
5644
3612
9138
6053
5991
5066
4433
6721
4936
9443
953
234
8922
9899
3199
5155
8014
4228
745
742
563
6268
3496
8010
4721
2662
5651
2141
7990
4594
6884
6908
278
8848
7528
8348
4454
5169
3248
8525
9643
6216
8715
1513
7574
6735
6396
1036
3531
1996
1991
8531
8296
9278
1274
7808
8131
900
8609
3201
1862
3195
6228
5863
4150
4400
9472
9668
8302
6040
258
1659
3451
5960
1745
2137
3941
827
4702
4531
5457
7959
1173
1383
4418
1581
1748
3719
4699
8209
8847
1304
8879
9851
5212
3367
2079
2741
4886
3459
9775
2249
2116
9102
1786
1393
5474
9917
6826
3549
1796
9683
1956
3543
4775
1781
1994
9085
5975
1453
1126
5157
1088
32
4715
9669
807
1555
2150
2056
3576
8360
8915
9714
9622
8360
3959
1296
3496
7859
3756
2672
4019
2279
2029
8997
5873
3444
1599
6740
393
7869
820
2950
761
9225
8506
4407
3971
1565
1051
517
4200
7845
3449
6575
9944
4214
8154
744
6258
4796
6580
4176
535
5702
5519
4515
7029
338
1677
5347
9398
4087
6756
7976
9040
7132
25
9359
5084
3323
3676
7634
3234
3498
3027
7212
3985
9945
9147
2068
5990
2738
1840
6901
5402
1854
4460
2022
804
9046
9081
2027
8707
305
816
1310
663
2770
8237
7778
3396
211
4790
844
914
1113
7783
7609
7174
8116
9108
5391
1257
6546
5421
6814
8971
5110
7557
9569
8911
927
7265
9988
4552
8317
6770
1114
5772
424
8184
1491
7092
9891
230
3751
9543
7326
6132
6206
6619
1063
5538
5295
4714
3804
3151
5040
8971
6207
4955
4911
2119
6191
6273
2451
605
8026
9363
4562
8651
4491
2364
3855
5993
1364
8707
8068
4001
3297
602
9184
9666
4920
4886
7850
4407
9813
5380
6909
502
7926
8467
7292
2464
5159
5555
9654
8780
5274
2086
857
8884
6417
5106
6340
8748
3236
8618
2375
5568
3535
8227
7528
5739
2157
6253
2707
7488
1683
2715
6654
830
4317
5446
3925
6259
4389
5223
9490
7207
4385
2891
117
3104
5340
9383
6547
6030
7828
1796
7260
1566
1966
4168
3561
7589
7092
4702
6926
6855
8545
9939
5271
54
2333
5461
7351
4196
9981
1722
3929
8961
4743
2719
1842
5613
4625
5597
4119
8102
1148
9427
3963
3660
7940
7534
6150
7217
2946
7113
3099
2883
9845
8380
4399
3384
8249
8135
4402
86
2273
1132
1342
9076
4307
5636
5785
4177
9412
9472
8162
9329
6695
8253
3958
2800
4092
377
7207
2647
3295
5802
5142
8298
4679
4595
3164
6705
2614
5448
2815
2226
4552
5100
4366
4220
8669
8778
3987
4622
3935
9816
1898
4765
6150
5920
6207
7241
486
4212
884
9867
9588
4772
9257
5284
5770
2126
9360
7966
7326
1447
3397
4940
104
3929
2529
5055
9779
3216
3741
7715
7260
9117
442
5507
5568
5376
970
7634
1392
1171
8875
7010
3519
6393
4910
2793
7463
2277
6114
2142
3200
2550
6894
4867
344
8402
1956
8814
8490
2772
3721
5447
9784
1360
6975
2928
3752
9856
8402
3341
3628
9817
5426
4468
9073
3577
7709
2411
5692
3865
1397
4672
941
6005
6930
1773
346
6021
6027
5491
3401
2688
8144
8908
6738
945
4379
7754
8437
2047
3373
4735
5122
5344
5510
7225
4058
8734
4327
9574
1544
1078
4687
7747
5662
2192
2616
8133
2514
460
9656
7088
4505
4889
3774
5005
4353
8403
9247
4054
9944
5218
4391
8651
6929
6529
2475
172
4816
3698
5739
2474
1258
7396
5375
4347
6034
2836
8133
3505
3049
5705
731
4763
2301
8547
7505
9657
6484
4138
9575
866
1184
6092
3239
2609
9861
8328
1878
2570
532
1981
624
8863
3503
3591
4455
1054
7698
5548
2906
5794
7013
1927
1419
9957
680
2359
5449
6013
1460
556
854
3419
9635
9881
2593
182
6282
4129
8317
6153
3253
6732
625
1932
3827
3531
3374
9038
8807
2075
178
6927
550
2107
1349
7425
5065
8395
6780
6815
5287
4023
2756
3523
8234
9773
2927
2022
8135
6142
1943
2708
9117
716
6632
8422
4676
9822
8164
1631
7635
9616
1788
3841
2129
2935
8393
6559
8226
8104
3432
8772
9779
9770
3996
9748
6414
9668
970
9146
2434
6463
8723
1095
1010
6488
1145
258
3547
4162
6285
6401
7008
9052
109
3191
570
194
8544
6217
701
4256
4288
7061
813
65
2845
7531
3586
3170
6565
1832
5562
6129
1175
8659
5212
6218
4926
6286
4535
2569
5204
1538
2268
9126
2726
688
8051
8404
9138
6241
6376
2813
9624
175
4126
6191
6554
9697
840
4240
2953
6995
5202
8871
2095
9984
4156
6153
5359
9428
5126
8908
188
5232
5527
1254
5694
7369
1318
3662
1248
8549
6632
5214
7763
1250
6054
5906
8613
5655
6943
181
9373
5841
4469
9704
3767
4292
4672
2260
25
6256
9056
8697
6328
1291
5757
6178
1873
2207
2881
2094
8464
3234
4840
2053
9295
4081
3793
2048
357
1905
3825
2919
8683
2998
9282
7181
7844
4771
8229
5222
968
6747
9962
8264
2412
507
9029
3808
8344
3317
2293
3994
7847
5816
7141
8675
9051
1775
329
4768
103
6067
1277
7769
2244
2770
7041
8177
7675
1096
1352
1637
6491
4867
6436
9601
1837
2183
2238
5228
5711
9731
7023
5872
577
6219
9001
3678
6377
2150
5509
1183
7871
618
5540
912
3758
4107
2127
1154
5961
64
9244
9944
1406
9016
2527
4053
6903
7185
2781
4575
466
2622
1865
2315
9926
9533
8064
213
1248
9685
3760
845
4861
5430
258
4455
9966
6010
9703
5367
667
9714
7363
1827
5503
8660
1955
4536
3643
7634
2115
3004
6194
112
1575
9259
4412
8535
4908
6155
1467
1849
8343
984
7975
7877
9237
4981
6772
7581
9584
3814
2650
9115
3255
690
2166
3523
5149
9885
6183
6947
8222
1116
9841
5370
3545
195
7287
9596
3064
8955
4695
2277
5620
1610
7009
385
6716
1983
6548
1567
6073
3474
5371
8843
4893
1369
1390
2987
1280
6937
1944
8912
7032
5484
3053
6232
5182
6404
5988
2065
6531
5826
424
8249
8275
4030
6073
5296
4265
2799
352
1254
2892
4735
6440
6412
8906
6549
5612
475
703
958
9680
556
5798
1770
5417
5337
4972
7553
5741
1704
4241
8000
4637
1063
2228
4481
3311
5401
8561
2368
7759
5207
9632
9377
2690
421
7525
3652
839
918
3827
9067
2401
8933
9989
5275
7440
6254
8655
7942
9185
9197
5553
6758
7255
6773
1412
8379
1620
272
6489
4585
5522
9839
204
9976
1771
950
4462
829
3950
7542
7244
613
2837
3326
535
8685
4173
2896
7294
9765
7753
1318
7996
9726
3283
72
165
9184
6304
4867
937
198
6450
6839
7019
9796
3250
8396
2883
3920
6661
8479
1173
6576
9810
4897
2093
3810
1359
2230
803
1451
1301
444
3360
4158
3081
1008
8129
4316
5489
902
6792
9375
7916
7996
6560
8094
5753
5268
2266
2526
5389
9855
8231
6852
4956
6328
4718
5648
7700
7996
9920
8761
1948
9860
7154
4257
7769
7774
2675
3982
6660
6022
2297
1341
6873
795
6229
2315
3885
9430
3303
4795
7488
46
4684
7520
2376
9715
4794
8333
1280
3708
8126
8879
3522
358
3758
1678
4107
2656
3755
2419
6729
7845
2958
1992
5873
3071
4811
6657
4867
6813
3605
8102
111
5305
530
9353
8950
3554
5555
1668
7297
4072
8427
239
5577
2865
659
6692
6666
3413
330
6570
6971
584
1773
7528
3909
5490
716
542
8934
1554
1441
7927
2200
5866
300
1222
6763
7467
9886
2000
1937
8723
1696
9223
2402
9662
909
2075
3526
3362
7967
7187
8087
8225
723
237
3422
934
7782
2320
2363
745
3031
7596
8856
4811
8493
6427
1818
3406
7766
1304
1187
1952
9447
2843
388
5914
4888
27
4780
1392
5548
6235
1473
1083
4843
197
9496
1957
1182
2367
1287
7719
5349
498
3408
6568
9863
2741
7093
4925
9002
8512
7490
2618
2057
3512
2855
5313
8745
423
1484
6495
2432
6913
6156
5870
2990
5058
4194
8417
4197
492
2145
9849
9829
863
3035
3649
2459
4160
9902
7030
4018
7800
9447
4254
5702
7929
9829
3880
1070
8380
8412
7572
6321
7532
5141
1905
6499
3456
5212
7424
5455
6065
8655
1605
6630
2860
9730
9452
8604
4038
4568
7497
5500
6561
5203
9253
7211
8347
6596
8164
9459
2878
5222
2897
6187
5258
342
4222
9998
1967
1038
4914
2472
7961
3261
3711
9543
6449
9785
3851
6131
1048
9642
8194
1352
6229
2600
4678
5877
4937
4488
7951
6153
8562
1851
6808
944
448
4381
9721
5511
22
1253
2810
7679
782
8324
1893
1503
6383
3079
9314
8737
5832
8340
1966
2058
1867
2172
1063
8187
4844
7447
8774
4315
1087
4688
5701
7369
7866
1575
4799
2397
5545
882
2263
8835
6328
3068
25
7262
6484
4309
2011
3688
5451
9643
9371
1515
5204
565
5936
5113
5981
9696
4218
1696
9785
8708
221
6586
8775
7727
7548
7116
4632
668
4161
8431
528
6934
9096
3354
3102
6355
7984
1088
4418
2819
8588
9773
5391
5737
3129
8295
1081
5898
6347
2027
2126
1485
8607
8317
5632
9552
1187
1169
7740
4693
1356
4734
586
1979
9324
6656
2516
4636
7374
4866
5484
2510
9613
7101
2449
5482
9473
4779
9515
6104
3944
5523
2081
1473
284
2889
1438
9672
2275
8811
9913
2628
4327
5764
8761
1269
2277
7530
7796
1259
1452
490
5112
893
2036
9961
7056
6439
545
1071
700
3531
4126
9947
66
3050
8262
657
4829
2413
4122
5786
405
3082
1203
4570
8646
9317
8656
483
5852
1507
1499
7153
77
8373
692
3582
6002
5951
2348
2815
5677
3608
7614
1418
9737
2245
6330
3826
6505
8271
6857
9538
5914
8387
1297
1459
8924
5661
8313
3936
955
7570
3929
8585
5580
9470
2504
8980
7807
7735
5387
3787
1959
2648
5702
1824
6201
8044
2405
1478
5618
7594
4761
4701
7564
849
623
5212
9930
2278
32
1841
5810
1265
5738
2709
7724
3263
4392
8616
9275
160
6082
6183
8479
332
5262
2976
6552
7962
8278
2602
104
5097
5518
849
1397
5689
273
8696
4044
2539
6438
9615
8981
6738
4980
5195
5508
7388
8022
3778
612
7807
2553
5513
1027
6527
2184
5643
2379
5932
1649
9567
6205
9022
9905
2745
3842
5603
7672
3796
659
9040
3761
694
7464
783
7488
166
3459
8379
1
7857
9700
7687
8362
8517
6113
9207
2104
7401
8073
5945
1342
9650
8175
8359
7866
6589
6401
799
9565
8432
8843
5895
4006
1754
5635
5551
1314
1787
9556
8292
4244
8286
8131
9461
329
4302
4772
1242
357
2732
5913
853
4188
1821
1064
6235
9971
8516
5747
334
4209
7269
3564
3664
818
5789
3438
7006
2629
5418
6985
3219
4187
8454
2469
7011
4297
7822
1146
5030
8517
6341
8865
5279
6498
3144
1862
9848
8766
2549
3810
5883
18
1479
4199
1526
3320
4656
8528
8012
3433
5393
4735
3954
8331
7315
9298
4252
9623
7814
8001
3720
2967
9801
297
9
9079
3908
8606
9739
2248
5148
7227
7602
2051
7089
3183
7069
1578
1546
7448
8526
5653
6416
7126
5048
1552
8171
2693
7083
4487
9256
8541
6189
1660
8421
7755
5191
8133
6906
4329
4017
6140
8382
4083
955
3636
8754
7061
982
2996
4565
9037
8238
6110
1124
6282
776
9915
349
9655
7315
1203
1843
2532
8649
4917
6003
2347
584
6589
3568
2132
6604
16
9942
5400
6036
3954
8783
8154
8278
629
7530
1106
6681
2092
2197
8717
6339
4802
2129
9400
8186
8563
8582
7243
1984
5310
2371
957
1043
1204
9141
2428
2835
7230
2637
5520
6470
9499
9404
8831
3512
6149
1854
2794
9995
8707
7222
1122
1020
1262
6092
8506
4468
7597
5977
1459
4542
7331
9470
4001
9153
5921
9160
1819
4782
2001
9635
2379
1509
480
1681
5339
1641
8107
5769
9651
2701
1319
4301
7584
6440
1657
2756
3769
1822
4750
3836
2994
9128
2927
7023
3642
2800
5801
5908
5939
599
9295
2332
5602
3353
7822
2520
1571
2505
8197
1824
4138
6658
2712
7507
3244
6409
2542
6217
7599
4642
4562
2636
1854
4919
3051
8554
2954
1253
2391
699
8138
5413
1477
2992
2511
3644
6407
2721
1162
1298
67
7583
5677
9823
2634
1305
5807
9385
673
9737
2621
609
6731
3379
2550
2695
2973
2670
4441
6451
8506
46
3614
7334
9606
824
2084
1673
3581
1656
9653
2558
6779
9499
933
3126
3400
4586
7555
5499
9209
4192
7320
9938
547
5793
2387
9774
2306
4898
3232
227
5071
5259
8513
5022
2025
2519
3117
1863
5131
2570
2304
5345
5013
9551
8908
6710
8923
3459
1789
3737
8727
3584
3363
3901
4547
6958
5908
4
4
4
4778
6006
3497
9164
3109
62
6355
3371
6826
7427
8199
4530
1700
759
2336
1434
5179
8181
3968
9774
5689
4327
3863
557
5470
845
1806
3708
5292
9329
8513
7017
1781
5373
189
5447
3437
3715
8238
2487
535
1693
6725
3211
1599
6383
1035
8892
9959
5449
2805
3042
8580
8298
551
3388
4411
2106
3481
8295
895
7744
1026
9558
6119
9332
9619
396
3867
4551
1351
3691
6609
900
456
2110
3958
3737
6333
4849
4663
7848
6652
864
1805
1764
7646
5016
3976
3987
6857
2978
9978
7343
5901
7240
4096
4431
1598
7177
2693
4523
6573
9487
7432
9861
8551
9562
1205
9771
7200
3885
419
4768
7349
1553
3682
6091
4993
7769
8245
9639
8183
272
3651
6584
3158
2836
2070
8181
7217
8979
9714
4227
7875
4994
2489
4293
6742
5371
4234
6769
6516
9229
1257
492
4743
2629
8213
7580
6450
2220
7332
3241
4560
5285
1640
5793
4927
2143
4429
8337
4606
7491
7538
5381
5214
9668
548
1648
5284
4977
2564
1135
2762
7136
4841
456
3258
847
1910
7271
4441
9605
113
6310
9612
5811
1777
245
3858
2314
3037
3771
9128
926
2055
8113
9155
5814
9081
3162
4340
5133
3152
8816
9617
735
5208
2036
5546
964
9548
9771
6381
5251
2746
7898
3057
33
4964
2372
3791
3149
1100
7276
9552
7989
3915
6269
994
5404
790
3144
6837
6982
5254
3402
6960
6115
3195
5709
5558
6542
2972
2600
7575
6595
8596
6402
142
3098
6691
9748
8854
7929
5497
5732
4936
8672
8825
4115
8284
97
2143
2718
7658
3581
373
8283
7277
6420
9325
658
8039
3361
432
4684
769
7162
8463
3538
1258
2753
8979
7799
2405
7872
3974
9568
8643
4439
5874
6761
6108
8868
2100
2786
8324
955
9975
2480
3299
2885
1384
1200
3081
1
4953
8654
308
9248
3016
3015
8852
1304
2466
8036
2198
5364
6632
3867
1743
5158
5766
7665
110
8945
6908
1635
2440
687
5060
1025
8380
1777
1262
4004
2676
1984
9776
8561
5475
5002
3274
9647
9371
4014
2787
2163
5902
6256
3426
2226
4165
9758
7574
823
4745
1373
306
9795
4234
7638
1748
1836
1999
8815
6612
9291
9064
9931
8351
7299
3458
9864
4744
1109
6377
7324
4418
4804
5532
9112
3312
5981
2894
7340
9514
4982
8415
2736
2036
8585
6397
6867
1864
6035
5792
407
6171
8737
6813
8767
8792
3391
8373
397
1214
9384
8669
3686
5205
7197
9643
128
1946
8878
9645
1991
3289
6352
2628
8189
6207
7852
1718
5022
3275
6882
3065
3192
7570
2253
427
4239
7621
6295
2939
1549
7203
8087
9009
8296
6602
5328
7768
5904
7814
5608
1979
7408
367
5750
4477
1567
6643
2399
8279
4637
7544
1281
9583
6194
7171
9063
8857
8872
5374
22
4771
8474
7876
1119
2412
6874
8257
8707
7377
2693
4593
913
2010
2298
4931
9822
2060
8260
1836
5044
5450
4088
3703
2123
9741
7423
5685
6891
3492
3123
8382
9798
6824
8173
704
5526
8087
9460
8620
7690
3801
927
2029
7040
8947
1851
3398
9235
666
900
5222
7472
2144
6619
7731
4290
9120
3432
1167
3045
1548
5683
7340
6967
6977
1011
9605
3149
9238
5377
5800
4581
8875
8954
2304
7392
2754
9377
2981
5526
4093
6623
6767
900
6055
6515
7651
3804
7313
1750
5424
5712
6533
4292
5269
4872
2988
7
2842
2332
7656
2783
2264
3010
7695
7744
7647
6881
7361
1662
1863
9012
3540
6718
2221
732
7599
4330
9026
9243
8534
3124
7531
484
5301
651
6878
5048
8864
9256
7285
7123
9551
1692
6473
2320
5765
4418
3052
3392
1776
8059
2604
4752
564
8361
7875
394
17
7796
200
7438
9195
1261
6993
9503
184
6107
1072
4411
2392
7142
228
9206
4590
5568
291
2387
4309
1667
5904
4699
5424
7024
378
6479
7786
7706
1494
9453
5008
578
2559
7542
6220
3554
2766
8843
1452
2543
1768
3254
6023
2004
2055
6395
7529
6265
3249
7028
8502
539
4711
5931
1678
7851
8827
2863
8952
5236
5011
4044
8476
1723
891
8629
4136
7639
1745
5187
2362
138
664
9482
1235
6345
2608
2750
7836
9397
8536
5171
2059
438
5820
6585
4868
2247
8578
4377
5794
7995
3731
3964
5373
461
6763
1990
6696
9706
737
3670
1166
2035
1780
9892
3743
1388
8030
2679
3146
2398
8633
4074
4773
2515
8871
1077
1423
9013
1763
986
3205
4834
7085
2141
6670
5627
604
713
7046
7685
7388
7651
4743
1771
7113
9695
6333
7675
6988
4
975
4154
636
799
5173
3725
7099
1295
4349
2274
7985
3347
9639
4558
331
1139
4955
3012
7717
8436
84
1755
3241
981
9169
4605
4895
781
3518
9306
9973
3347
665
6950
5181
1696
3058
3310
597
4006
2089
4499
2842
6072
4345
38
3679
3796
8668
706
3442
8183
1198
2721
5284
2044
5968
6536
6510
7947
7129
5681
7759
5531
1887
3967
5361
6851
413
5837
4954
8833
3716
2193
5935
8705
1595
1411
4913
9704
2844
4647
4302
3765
9450
2705
7402
1503
8870
4335
9638
8120
4086
9555
3381
8762
1148
6211
4345
2268
7006
2570
1394
3271
7928
2857
1684
9198
6144
5310
8942
8781
3886
9226
7005
7316
4560
121
3543
3554
2655
8955
2829
5459
3818
1840
3729
3710
513
326
8987
6394
1646
775
9640
7292
6938
1260
1766
9503
9361
3912
5402
9880
2043
7036
8702
6615
6355
7809
5096
3036
6919
6419
6093
2166
1864
773
7891
527
7199
8257
4818
9222
3803
911
5772
6104
7798
667
545
8978
6881
2019
9024
5133
5552
489
8248
4098
6655
1884
2041
3578
5646
3246
7870
7920
9484
4258
4010
3923
2754
700
8731
2387
1138
2099
4760
2155
1320
2763
3048
6334
5116
4695
6072
1153
252
5082
8154
7425
1874
2300
1989
905
6883
5483
9684
5214
1381
8770
898
7281
4785
8205
6281
8883
2641
7135
2031
8531
2321
4779
3898
1407
2858
4313
5498
2440
4243
9532
5701
8117
1531
8826
9937
8088
6229
5324
4532
9325
6307
9124
4561
4703
5208
3175
7211
4610
4481
5750
1093
5647
8930
1500
2612
8043
5587
1664
5202
9577
9457
1467
9761
5108
9130
3852
3003
2036
6244
7055
3259
3298
7630
3933
9093
5227
3325
437
9325
2826
1268
6322
219
8116
2353
8638
2126
9708
3046
8186
8301
2637
3736
9421
6416
6690
1707
3698
9021
3885
1151
4130
2256
387
6684
7455
2952
2889
1605
7733
491
4118
5580
5189
2447
7200
2616
1887
3723
4149
5719
9212
5754
4724
559
8484
9459
3016
9109
6500
6064
3962
3863
6415
4659
6496
7198
855
7273
3054
745
8442
4714
7718
8777
2457
7445
2829
6237
6261
1907
7935
9338
2720
7850
3719
3833
7544
6285
5105
4940
3604
8678
6102
5420
4079
435
4710
1330
6383
8889
8538
2454
1621
6826
334
664
4220
6827
6496
2248
1526
6781
7829
5779
8384
7068
8265
8722
8516
4035
65
4205
7536
6059
2339
2169
5018
6207
73
1205
7524
9271
7059
2535
5560
2406
4727
7339
7192
6298
4284
2523
6916
6349
3589
8003
1409
6055
5254
8468
3897
7869
3976
6024
8898
6416
7061
3276
6954
8582
5997
3161
3397
7212
9791
6740
1739
7742
3552
8003
8587
7731
4111
1937
6850
986
2789
2821
183
6218
3772
6343
6750
9912
2494
6785
4624
114
785
9686
1154
7992
7662
3120
2092
1702
942
6717
7817
9879
7211
6179
5896
8897
505
7053
4719
9547
1187
6761
8602
8945
9372
7866
3403
9432
9046
4759
4696
8920
3662
412
4006
1123
984
8599
6495
3591
7694
5077
8993
8459
7340
8581
5589
8133
1192
7011
9823
6557
3620
4262
4894
8803
4697
6390
5184
1805
3193
3732
877
4660
1145
5924
9117
7206
813
901
2894
2844
1622
9901
7575
7488
6660
7799
4255
3855
7482
6293
1732
4318
5084
4060
425
4407
6532
1363
396
152
6729
7352
6385
6098
7811
3858
3382
9497
112
7131
5444
9675
8074
5033
825
9071
7232
157
2786
7983
2417
453
5655
3931
297
2386
9906
4358
2794
1052
4387
231
6861
9590
5163
7212
4947
9419
4664
7437
438
1675
1200
4191
8830
8062
5998
5254
9577
4995
822
5699
8742
6833
2557
1159
9960
6338
7516
4248
5002
9154
1999
3850
2044
2412
5088
4987
4717
755
4791
6590
554
6853
3648
2030
5738
8389
6402
4777
2643
3228
3382
8280
3861
3811
9337
6170
8511
9910
7282
8581
7970
3070
2880
991
9561
7250
5501
1304
1413
9597
4283
2900
5119
7697
6629
7976
3173
3369
8753
6179
7068
8684
8733
4758
300
5337
2613
1736
484
4902
3012
688
2568
4015
1381
8419
2542
5262
6784
6749
1863
3898
4967
4223
2520
9778
244
6198
5191
2166
9916
4064
3957
8689
4932
629
4222
4194
7832
5719
2932
3368
2544
2311
7075
8413
1796
636
283
1508
5374
1922
579
4058
8930
2144
2016
8632
3228
9050
5893
3320
775
9939
3940
4191
3465
7018
5344
5151
5823
9295
6421
4279
9911
4255
3060
4248
9604
5587
1012
6105
2162
2783
7079
5976
3995
8269
3426
5597
6112
732
2486
6980
6768
1426
2067
7337
7529
8956
3293
2469
8673
6433
6820
8827
564
8176
2867
1246
2481
22
8351
1770
8852
9800
8468
8629
7151
1809
8837
784
6096
3444
6879
9704
1374
2579
9458
1079
4447
9978
5727
7192
4395
5552
8439
7635
4763
3532
9605
8046
9125
807
5455
6170
7577
6762
2157
1955
9986
7193
4860
1818
1484
58
8662
8288
3058
198
2831
3039
4853
2091
8491
8748
747
1893
8689
854
6115
7031
8334
6679
6342
5712
4316
3830
2921
4131
2566
7911
6248
8738
9898
867
6198
1449
4199
9894
1488
8671
5155
8101
2176
7546
6373
8289
2095
9343
1630
5627
9879
375
9794
3759
6225
404
9874
8103
9521
9433
1999
8419
9130
8240
3159
1905
2301
3894
8201
6679
4260
300
8613
2790
8946
4319
3022
165
7595
79
1575
3849
8391
4793
6512
6139
7143
7200
495
6750
1605
9279
1264
8728
8536
707
3840
3493
284
7927
2363
7937
2288
6848
4658
4895
3886
3645
3869
8127
4222
7927
1980
783
8788
2770
8228
996
7802
5919
1153
7626
4417
5546
2537
4372
592
3003
2369
3804
9978
4171
7867
394
1526
9296
5000
2825
3997
9970
1244
3947
1748
7975
2440
8553
9734
5452
7974
6428
5308
2645
2576
2684
83
9895
2091
2002
6221
181
4074
7898
934
6273
2380
90
1095
5031
5212
7568
3762
9750
9366
6472
2
5317
3455
5941
9822
7245
9482
6404
6818
5540
9763
8232
5336
9633
3009
3009
8616
7108
8699
2318
5667
6500
594
1364
2486
280
2679
1759
8657
6054
3634
8124
4572
2196
8559
7863
2475
324
6347
2010
6404
1584
7191
751
7103
7379
6428
8996
7060
9656
6421
6474
5628
341
2866
3537
7412
6258
2516
6550
9322
2185
9301
4056
9108
632
9202
9538
6758
9513
4420
1384
5294
2044
2768
5984
4542
2807
911
4477
6613
1492
9886
6665
5881
6011
3766
9858
2869
1603
9039
125
5955
2604
2976
2992
8301
9717
1811
1381
3720
532
8005
6017
9845
68
6495
3463
87
6774
1327
2327
2520
1896
1511
9501
6591
6421
9600
1
3
9
7341
9479
2226
7667
9053
1847
7075
5955
497
708
5087
7753
3904
8573
9987
6005
863
136
5619
6322
3585
4029
7117
6568
1512
5496
6039
1152
8335
5932
2842
9432
5314
2229
745
3075
9764
4820
965
1683
2895
7235
7434
2954
602
1100
3300
9900
6850
2082
7623
5834
8364
6712
6654
9165
7097
2766
2798
7385
2595
7660
4508
9399
4885
5885
8582
503
1066
6155
9884
9002
598
4910
1111
1111
1111
6185
9341
6000
95
7562
7391
7455
994
225
2120
2768
3904
5624
299
6745
4584
6286
2792
184
9814
5819
6629
6571
3574
9247
663
4231
1369
6437
8777
657
716
9309
7756
9087
4776
2081
4369
5708
5275
2514
2270
8058
7143
1983
9515
7369
279
7832
8805
6533
4127
7559
311
1180
9371
3250
9724
8878
6029
6376
2391
2616
8807
8191
1347
3084
6505
3369
1513
3779
7395
4397
2345
7698
7038
205
3279
9824
5441
6212
5840
6546
8087
2595
8251
3882
7133
2103
9867
2113
7827
4822
4026
3815
1441
6054
1968
4627
5497
7268
5305
2130
2335
9608
2687
7343
8294
2656
2065
1359
4217
3772
8210
219
8444
3678
584
8320
4562
3365
469
1295
7367
7184
5609
3599
9649
3068
2514
5856
6878
8377
8540
2446
8179
4969
3019
9352
6149
519
181
631
1012
200
1119
4520
6717
7318
71
4836
7165
2835
1820
8878
4331
3714
8707
4975
8538
2768
4172
3630
590
8735
6391
7040
4246
1290
3127
3378
9026
8204
437
1656
2109
6846
8231
9782
3396
7332
9298
4048
3888
5933
1967
301
5915
2507
7570
3289
5088
4175
4341
7650
5001
939
5533
778
195
5971
7190
622
616
1926
8035
2816
8548
3677
2030
6139
7824
1066
8236
2007
9735
8578
9315
6439
4153
4062
3040
3806
8948
5745
3350
4372
8404
1407
9282
8617
5630
7319
276
2662
4084
1197
9691
3408
9431
3539
5781
1210
1742
5863
3235
2246
9227
8072
656
6747
4175
924
5615
7965
7832
2596
6447
6467
6735
3930
774
5117
1310
7373
4232
5418
2057
3435
4917
9473
1013
9320
913
2439
7221
3439
5332
7339
9810
100
5474
6774
3632
6086
1556
1766
9709
8651
9557
1981
6865
2206
304
5675
9284
8432
9824
6694
5190
2732
6141
8839
164
7082
5381
660
4643
9033
5499
8125
2364
6320
6638
7306
4528
3795
9107
9109
4025
5510
5273
3208
8133
6388
3713
4499
336
9567
649
4609
9247
6681
5715
5390
1896
5051
2240
1856
6364
1478
4338
8346
5587
2533
4524
7858
5687
647
9523
3088
5293
6308
8446
2826
9263
1679
4395
1899
9379
2187
9637
2609
4009
3539
806
8630
632
390
987
5924
4789
3831
610
1610
7183
1456
2015
5160
6969
8009
4572
5956
3576
9326
8990
6574
2201
2471
2057
9292
2723
1367
3079
5103
6962
450
8597
4498
5132
7662
3243
8214
9337
8069
6105
834
2034
983
7602
1386
5445
3541
9842
1081
9331
2315
9850
2358
5965
3771
9292
6309
7019
6701
9963
8387
1436
5434
5222
8438
8034
8038
3769
1720
3447
9016
4110
9776
1850
7064
8686
6056
8259
1231
9075
5410
3113
9962
1761
2165
2817
8279
6547
3093
4571
1975
6095
9546
4137
6987
9456
9519
1272
260
7616
4137
1847
4
2510
742
705
9142
33
4188
7095
1645
1563
9346
7121
2523
2995
677
6071
5845
8700
9853
8237
6895
7427
9671
5994
4384
8127
20
9257
6590
9224
9356
1799
3711
1221
6016
5671
8840
2162
294
8529
5616
8081
3593
22
4181
9549
8982
7738
6873
5761
1213
9194
4695
5018
5646
6894
979
207
7120
352
5862
2737
9842
5382
1810
9957
5056
7175
7264
3268
9870
9174
7111
2227
6560
8686
987
1156
327
859
7637
2426
5339
8993
2132
1242
3885
2266
689
4576
2160
2127
2509
2070
7343
6258
5030
9629
5884
9892
7769
9376
8483
5237
6111
2545
5491
204
671
8716
3893
2966
4652
4687
8042
2951
2815
8069
5722
721
8421
839
1679
4339
2275
3436
9809
1203
5123
3272
3666
3740
8251
3947
5726
9241
9353
5195
3538
7521
7305
8538
3531
7076
8266
8181
7699
811
1319
6645
961
1933
4045
7474
1062
9200
3555
225
3037
9093
1513
3617
403
4726
2897
6128
9576
1218
3255
164
4749
4665
2948
2171
784
6792
4584
8684
3218
8998
4067
7689
3305
6676
9055
6830
363
1868
1969
5133
8969
5145
8978
9158
8294
7815
7040
6973
992
9908
6267
7420
2702
9977
8585
2066
1632
2573
664
7861
5620
1986
9333
8438
6036
6240
1536
2421
5702
1774
9740
1339
7433
2765
6319
7913
7581
6826
8342
5177
4546
5966
7271
6346
4419
143
6736
7253
450
7132
6392
9740
5917
4500
7455
7061
7484
6394
8419
9983
5763
3597
9595
1035
9798
2838
310
6641
9579
1980
9026
3685
6293
2498
1660
4664
7878
5815
4390
2594
6429
8388
7080
146
1472
8912
6151
6805
1799
1304
5082
709
4613
6827
5407
6875
1723
3482
4575
4107
5105
2957
7704
5811
6018
2306
499
1331
6898
9620
5607
1309
5270
4378
9895
4334
6915
7862
4152
2336
8772
6757
2724
2050
425
5445
1696
8983
2564
1738
5619
3074
3106
640
4902
734
5337
8551
453
4073
4773
3667
2665
8230
6585
3689
1634
5518
109
2970
3068
2717
9072
7155
6071
817
3291
853
7645
356
6152
2737
2456
1322
1359
4747
9343
8680
747
466
2820
5175
977
7038
1299
6684
9698
9907
4518
9661
4246
6034
7615
7190
3869
130
3384
8214
8642
4430
7769
2439
6510
8817
8039
987
7701
1210
2025
8690
5229
7720
6652
1341
1947
2480
8000
1392
9080
1725
6706
7399
6969
3428
7561
1550
5776
5895
2992
9441
7552
2463
8156
8494
9785
3627
1065
6690
2935
1434
8915
6090
9905
8806
2262
305
3047
2621
7999
5513
3987
1931
8586
433
3744
2840
1831
5324
9113
1698
8413
3141
7373
652
4435
2170
1167
4090
6325
8547
4552
2829
180
8808
4302
2264
8486
2806
5610
4655
81
561
928
2026
852
1014
1594
2698
9061
9370
2995
6969
4473
7740
7147
6199
3838
4505
5199
9381
9013
2257
1261
8839
2618
5849
2970
9539
3725
5102
8774
9539
2608
8469
8095
7963
166
8047
7045
3272
5933
3457
7797
6988
8347
5113
2242
6016
3770
749
2885
3385
8190
8440
5686
569
792
6141
8206
6068
9656
66
1576
4620
6440
9651
772
4838
2987
7053
2423
4064
1448
993
7671
7865
4925
9238
6593
9875
9612
8783
1655
3015
1701
4710
1821
9882
2830
3158
3327
6660
8204
247
6285
6042
1669
939
5765
8739
8497
2401
389
8254
1719
454
5179
2999
9498
1982
4813
2890
933
3072
1210
1878
4397
2041
8686
9341
5262
7021
6903
1351
1667
7964
206
8876
5139
8141
9495
1564
5155
8199
3514
1863
6066
7462
3520
2268
3416
300
9502
6714
7642
7025
2592
6381
2233
5582
3241
4500
5883
279
1812
3604
6065
8759
574
6466
8753
7473
5889
3985
2958
79
4105
7020
6084
9121
2128
6027
8524
7376
9033
7210
2609
5638
2362
2040
8521
373
6054
9128
2496
120
929
1560
6512
2319
1147
4839
6894
2123
8854
6432
4044
7734
8588
8916
3236
5571
2809
619
9931
3481
4244
7699
2229
5229
5738
1809
8358
8167
6518
8362
9147
8858
815
1998
1061
9141
3785
2762
6794
4735
8801
1560
728
7969
9651
6689
596
9286
2416
6975
4558
4468
6136
6257
6039
6271
4560
2623
7235
9851
1881
4768
5429
7590
2025
2283
1087
2090
1142
7545
9163
9388
5147
5783
4904
2021
1439
5065
7833
3848
531
4563
9754
4407
8369
2468
5135
951
4222
1147
3034
9228
4719
6751
4090
2819
916
1400
754
5174
1298
9883
1636
4609
817
9502
7037
8861
3150
7921
5282
2776
1628
1175
2965
8594
6378
406
3986
2110
1908
3931
7767
2501
9070
7435
3855
8297
5857
1669
4697
3633
8693
6478
6910
6386
9532
3275
8344
8007
1315
9979
4586
6485
7851
9299
3071
3116
3321
1641
674
4913
7565
9712
1000
2781
117
5492
3538
1831
4143
5307
8107
8352
639
9840
8004
2636
9106
3860
2625
7591
1663
2057
6257
965
3164
256
7760
3703
99
9250
6509
8011
7311
989
4671
9133
667
1851
4637
9240
1711
7273
1114
3554
5599
9330
9367
9736
8698
7518
7627
7161
9645
4346
7323
5268
4443
4140
6778
5255
7590
1504
9480
4786
8331
1620
960
7800
9903
7125
87
98
2302
3786
2219
9903
7037
3680
2100
2317
4977
8976
2423
652
7137
8435
7929
4408
2795
4809
25
8471
2468
4486
5667
3758
3818
7991
8557
5418
1216
4398
3222
4685
9562
797
369
8265
2840
1943
5948
9739
6034
8228
4378
7505
5256
380
5027
4089
9948
1636
6579
7042
1125
6827
5906
9624
2266
1824
6137
5869
6288
4037
5551
4841
8205
5625
5258
6780
2496
5982
504
7399
5470
3373
5312
3678
8586
3655
6516
3641
2076
876
81
5414
8822
9984
1387
6064
6053
6110
8836
3099
871
8617
8306
9782
3286
7055
2281
288
8153
6226
4863
9245
690
1269
6645
3683
3490
9735
8353
8447
6722
5625
2240
6540
696
1394
7112
7166
3727
764
6013
7329
3853
6105
7525
775
945
2343
7399
5473
1635
4371
1161
9054
2935
4867
7891
7762
6875
4423
6521
4669
1911
4941
9477
128
5072
8518
2591
5248
5297
5701
639
1010
2508
5360
5694
5570
7708
1910
1055
3116
3117
3134
4187
2626
999
8755
4964
3024
582
7604
430
1573
8978
6138
2260
9941
2460
4715
5655
7353
6527
4706
7376
4952
7925
4247
3348
7112
8635
637
2737
8819
4705
2081
6576
9707
2236
2068
8159
2076
6921
1215
2209
9024
3436
2649
9273
3153
8156
9347
7419
9010
3768
1425
3389
467
6950
4629
5982
6126
494
913
1985
4203
7157
4902
7168
7639
6943
1681
7636
199
2092
4555
9349
498
8071
4334
7365
752
2527
4476
7710
5453
8271
692
9845
3787
8361
4111
9342
5778
4569
8879
6419
7100
9508
9502
8249
485
1025
5012
7918
4666
1929
6216
6498
288
1045
5753
6312
783
5540
2231
1816
8880
5453
6063
3770
115
1513
8217
9006
482
1418
5043
2660
2041
7941
6162
5080
6280
2401
9675
4442
1939
4711
9381
9470
8615
5816
8820
5716
4339
5834
8667
2142
7720
1637
8400
9051
2304
3981
6700
7621
7019
8181
6287
1675
1801
536
3843
3681
9246
6194
1636
5375
8276
2382
8919
7928
9630
7428
4369
6470
7848
4181
4276
2174
9986
1925
8753
2056
9407
4052
5022
1465
5850
6897
6905
6275
470
4645
469
8940
5409
5418
4801
6570
1361
5578
299
2817
7582
7752
7416
9122
519
2500
2712
959
5874
7221
6488
7837
5559
4521
313
5003
6948
8121
3233
5857
7870
5453
6856
5045
3254
1930
4342
4330
3026
6730
7430
763
6512
6684
1046
6854
483
5315
206
6262
8846
3656
4617
167
944
7914
3277
3420
3422
9365
3096
7183
4949
6917
158
6560
90
90
90
2631
4147
70
4795
5255
2900
4445
4267
2464
7802
1173
9345
4761
644
2013
206
702
8216
5184
6095
9157
3059
7166
6151
475
8640
6400
70
860
1107
9754
3921
1554
2424
753
8717
1553
7422
8615
9757
9975
3622
2778
553
8724
3667
4929
2172
7957
2199
251
2128
7238
8821
8347
7967
5877
9874
5958
6715
9217
6755
5280
9902
3045
3136
6061
5855
2509
2953
5162
4790
7063
9589
205
2602
6895
2059
8794
5713
17
1176
9850
1967
107
6228
2197
4573
4162
4250
7378
3918
7912
274
5618
1319
9437
1311
211
4261
1939
3586
90
3744
5866
8556
1849
1757
2793
9050
752
6472
4021
8483
8759
8355
234
8201
9188
3985
5539
9843
993
2346
4841
9977
4926
9055
1248
7901
5290
5935
4705
9766
1928
1366
295
5361
9455
6847
1684
3274
7585
1271
384
8138
4825
2715
9135
6122
2893
9196
4720
5139
622
3730
5160
7321
8490
153
5646
7259
6726
8603
9822
3762
6147
5572
6710
5728
5249
9841
101
3258
7332
4902
8270
9463
3333
7395
8373
6088
552
5606
3972
7694
6193
1946
8711
6926
2764
371
4898
9452
7909
4640
2068
3202
9879
6362
6669
2360
7070
5917
814
5500
3910
441
5249
3969
4014
9880
3452
7750
7157
7953
640
4147
1085
6421
8075
682
7544
8770
7902
4607
3520
8957
3491
4894
5134
1148
4422
775
7424
3461
1900
1687
6048
3409
6449
2634
9335
848
2332
9475
9719
5156
7580
6130
666
2480
2522
8000
8284
6675
5652
6985
3807
7651
1360
4214
2819
4808
1187
5516
6060
9049
1167
9040
7197
7793
9950
5762
9391
1637
3788
6772
9731
7509
7925
6830
5249
454
8614
2776
8144
178
9903
7337
2267
5533
171
3731
7849
5877
4508
2205
4250
42
8774
1988
6473
7875
3400
7326
4202
2323
5814
6866
2457
1680
2058
7902
689
8937
3924
9660
318
9322
5651
5173
8959
3499
8894
3999
7828
1346
1921
2276
2641
2171
1283
2974
8818
3821
5288
9744
5370
1616
9242
4633
3884
2501
821
8689
6264
5035
4282
8653
1536
6340
9961
8393
9303
1985
9055
5695
2607
2965
541
428
4804
2921
7441
4146
4083
8308
1577
178
7463
1793
8869
952
926
5768
8595
6172
889
2539
3437
9279
8484
9435
8314
3239
1332
8838
3106
7110
2508
4882
1980
340
8430
7877
5991
4888
965
4535
3260
35
8412
2097
4905
6334
2671
8220
3637
216
4413
6139
6728
5
8579
3635
4301
6803
2874
7241
1361
4036
2318
763
5297
9753
1278
4783
8401
5489
2492
9818
5663
1340
5772
4733
1918
3950
9473
8311
114
4997
6593
5266
8778
7960
3002
1678
4247
1995
6754
4072
1155
1713
743
3560
5309
5190
5007
8623
1582
6791
8879
8121
4515
3836
3813
2057
2220
4420
7338
9086
6619
4501
5848
904
3632
8331
5235
4232
4631
3497
5506
7775
4203
6433
5469
2153
9131
4420
2046
1484
6786
64
4418
3304
4839
4790
5154
3735
6609
8301
2972
7807
5320
6164
791
8680
2726
4596
3967
2956
8450
4285
8010
2493
227
654
5852
1877
5602
8678
3481
5099
9539
3807
4865
6528
7007
8749
475
8140
4265
6794
3673
6317
5314
4034
9125
7606
2679
1380
4957
9568
6208
763
8769
9664
7724
1924
2260
5944
226
7875
225
494
5644
7280
5373
987
3341
1058
3282
8695
6406
1263
94
3556
3119
3067
5837
472
2040
3687
5493
2432
9152
2422
3211
7458
1414
1266
3935
5787
1225
2300
9107
668
7412
7581
2829
932
3694
1082
4329
3210
5339
6977
5968
6744
9231
4767
9715
1525
8337
8155
9336
3824
5553
508
4285
1799
1436
7817
8029
4107
5642
7544
4695
1291
8042
3023
8259
1962
8883
8833
9290
3141
2295
932
2452
6563
4977
2464
142
5842
9165
1605
6062
7411
1842
2401
4377
4005
7937
9130
8738
8731
1913
4946
9344
5655
2532
1734
5735
6477
7200
6627
4087
4191
7692
9309
1669
8970
7080
2233
8007
4251
9513
43
7893
3565
5246
821
4476
3102
9150
7860
5735
7902
948
1816
1726
7652
5379
1977
5443
3259
9460
5998
6584
5804
3498
5285
9722
9792
5531
4736
6635
7665
5053
3003
5806
5454
510
8492
2384
5964
9985
9108
6415
9998
2584
4667
1697
1270
5553
1449
8712
7802
7180
9418
528
6678
444
726
6809
3589
33
9032
343
3161
9543
6832
6930
8694
7389
9307
1780
293
1847
1423
2084
7334
7995
604
7024
7334
8633
7393
157
1085
6352
945
2462
5891
2066
6668
8812
6098
5924
2916
230
3803
3247
394
98
4601
8054
8844
3408
1363
4772
7510
4635
9506
9074
5226
974
3323
9812
6854
5899
6539
3423
4187
9561
2723
6174
9965
2802
1544
115
2144
694
8134
1662
2450
6012
6626
669
2335
6255
7569
6299
1533
498
8921
2880
6367
6787
4472
1412
4287
7773
3707
493
9750
9743
2505
6684
3380
9690
3132
7454
4722
8262
5187
3267
7082
6890
8850
2559
9923
559
4496
1256
3058
25
9376
2875
2587
3261
5012
9596
8568
6728
7366
3661
1455
5530
636
1589
2244
1108
6984
2275
9080
9650
3556
30
1821
7336
6680
188
9946
8954
3347
5640
7027
2122
1426
3918
2490
5736
117
7312
6392
6664
6646
1116
2397
825
3377
5617
3043
4283
7146
7374
7621
6670
2999
9981
5996
8182
9512
2361
1811
2235
3616
6078
6359
480
2234
2203
1533
8291
4983
9652
822
8835
8382
6025
3916
3248
4339
1634
7701
1224
3996
9239
6605
679
8431
7835
1501
9816
6213
8323
7818
9657
1990
3224
2499
9455
8879
7315
5947
7794
8568
8541
6472
5631
8436
4029
3306
657
4257
2898
5805
3581
6905
4324
6502
9529
3276
167
1931
5038
1496
7814
5856
4082
3831
7628
1574
4268
5883
2092
9813
6560
1838
3637
1346
7270
4083
9870
9878
9546
5896
4135
8829
1063
2068
4246
4646
1376
2118
8700
4605
1387
4743
3628
364
6293
7880
517
7106
6793
5949
1630
4172
7288
7549
2700
1581
377
2097
1292
1530
9616
7727
2473
820
4826
9098
8353
792
9437
3890
2638
2897
2699
327
9722
3633
8163
1551
8540
3339
9156
2587
9825
7851
817
8600
8919
6783
8474
8950
3076
7191
2570
4764
7463
5031
8886
2503
2875
4272
8109
1635
5203
7248
6184
1523
7370
5231
2521
7603
1766
4402
4758
3021
7084
339
8720
9603
7746
5541
5433
9598
6784
4163
8966
3069
451
1035
933
3611
2184
3588
9502
2188
3660
843
3734
7108
5726
7942
6014
8834
6021
2248
9730
3134
7903
1867
5458
3288
2826
2308
9657
3977
6731
1343
9038
8209
9605
1909
8134
251
8885
8881
7955
4813
7967
887
1263
2876
8424
6355
7548
5698
8440
102
1816
963
6011
6610
4391
9893
3221
1781
7683
5345
2802
9863
1300
4790
4897
3678
5482
8349
4425
6253
5485
1304
8524
1797
7807
8907
8923
509
3547
2204
7908
679
7870
6489
8463
2300
1849
9944
7643
7789
4771
7222
2425
8534
9856
7218
6342
1302
3203
7993
9044
2119
4490
7197
3175
1243
164
2085
8960
8056
9485
4826
2162
1866
9291
8838
1706
9232
8661
1107
2794
3418
3866
6107
6339
2678
4665
537
2078
7585
6385
1843
8708
3948
891
7896
4951
9162
3884
1676
7754
7639
6225
8998
442
5126
9498
8156
5967
1895
1727
1937
9546
5306
5961
971
3849
347
9605
8738
7941
6731
7020
7410
6091
161
8129
2453
1692
7034
3067
7569
9559
6519
1006
774
5216
8253
5967
2733
6184
2369
6622
2080
7020
1138
9947
5837
6764
8249
3783
7843
3464
8792
6261
6761
5691
9854
7500
6030
9975
4538
2724
6468
7172
1830
7138
1029
5102
8618
3546
1644
6797
8628
8227
661
8754
9138
2917
6585
2998
9192
7082
5382
8027
4006
714
7124
8564
8884
3169
1982
6487
6140
8665
4312
882
9241
9423
4580
2381
7342
8146
6898
4712
6814
2233
6709
796
4124
3654
3819
8648
5877
6204
9293
3242
6958
3635
8698
6769
5564
3659
7960
9271
8425
9098
8764
1089
7410
8632
9681
3781
4168
9091
8356
4575
873
7717
8838
6740
1698
6300
964
4062
5681
5598
7728
7640
329
9342
3360
3875
8936
2363
8538
8056
4531
8846
4695
9773
9288
6252
4132
5693
335
6789
9821
4424
3833
2988
2114
4450
959
9381
2387
7918
9012
9181
5561
4803
7650
3450
7422
524
3278
7972
4323
8031
5898
7226
4733
6234
5997
7194
9902
9595
6886
3799
5569
6221
100
4688
8012
5188
190
7446
3397
9644
2447
3830
2811
8917
329
3408
8702
3547
301
3663
1071
9125
5525
2874
5982
2735
1928
1845
8984
921
7629
419
1994
7603
3851
6565
3085
7218
7270
2071
4193
1125
7693
877
4853
307
4780
2249
579
6081
600
6306
1567
8905
7938
9088
7084
7737
2476
7651
6019
8026
8455
225
5749
5947
5244
2811
288
4701
5890
3208
4123
3932
5244
8566
8440
9788
523
9134
934
6179
3433
2569
8444
2467
2335
4570
1049
886
8257
3553
1917
2739
2553
7431
4690
5415
8056
3309
1244
2017
5396
1845
4343
1895
9629
7187
6462
6200
251
3676
4807
9563
5167
1284
9884
9822
6850
1887
3784
1760
8942
7929
6455
3555
7463
4464
8644
9864
249
3733
7330
1346
6675
1678
8914
765
8424
9961
5107
8956
9024
730
6337
3096
2217
4778
2794
934
3745
3445
1000
5026
6184
2222
3904
8348
212
2609
517
4827
9149
8357
199
1304
7448
4691
5013
4701
1931
163
3127
2521
8922
3557
1816
5587
6143
1100
3007
1870
5838
4936
8352
5682
2036
5413
6908
6506
1040
9907
867
9453
1625
4150
9627
1900
5496
7176
3019
2904
2216
7678
6385
2004
9873
7691
6542
2224
9496
8260
100
9079
1225
437
7421
9963
8862
1771
4567
1332
1642
8128
4736
2122
5399
9679
7203
8362
2434
4618
7038
6941
9556
2236
4425
5448
3771
1179
763
362
4838
4191
6381
2933
6574
7912
4008
551
8938
1212
7508
5062
5975
4456
5596
485
6845
1969
387
321
7130
2318
1113
8537
8582
2176
9861
6324
9336
1421
705
1931
5944
134
5826
7495
3833
5585
3203
324
9944
4495
6433
5175
1385
9165
7092
965
7971
6406
9775
4399
3689
3930
3668
8043
458
2015
9850
1774
151
3464
4104
401
6306
8955
404
9206
9106
6192
9725
3944
7580
7345
2183
2645
3378
8528
739
5396
6648
737
9846
1598
4998
7820
1554
5142
8653
7737
6557
2393
435
7926
6705
7979
9989
5003
5056
9126
1855
6809
3257
6573
227
9469
1285
7488
4629
9507
3414
212
9805
5318
1956
3542
1083
1686
9470
1490
6955
3419
2535
578
152
90
850
1271
5545
1597
8766
2732
6895
8026
584
8258
1644
9689
7778
8153
2254
5837
8034
2458
8939
263
3380
2669
7068
2826
5000
1406
4113
3886
197
3418
175
8911
8960
7622
656
4688
1359
1873
8143
4074
2083
9286
1186
3236
3901
8344
6914
6269
9104
5073
1930
5445
5396
7271
5297
6428
3437
6814
6316
4989
5012
6805
7211
290
4242
584
3705
8835
8169
8025
5859
4032
3623
6401
5189
6009
1135
518
2068
3823
5787
7492
8058
6995
3880
309
2307
6229
574
1150
1548
7657
8909
1209
9700
7313
2941
5877
7860
7651
9856
2373
9711
7534
4944
2389
1656
1341
9232
824
6928
7341
6980
3258
571
612
6872
7095
2854
9346
9571
715
1408
5865
9797
1634
2500
6278
7634
2315
2221
7968
7636
6539
2626
6892
7594
4518
6175
3266
4416
3722
2827
1471
8868
1768
1207
704
8369
4840
5490
1005
6016
7361
1760
2401
8119
2977
6807
1308
919
7852
9085
3450
217
9025
9280
7406
6668
7465
1924
978
6416
1957
8859
4379
9453
4328
3298
946
1546
15
1688
2310
6358
205
9256
1263
6101
4941
2842
7988
393
2096
5162
9348
7464
226
2945
1440
8447
793
1593
7481
1189
5963
8363
229
4456
6182
6054
5107
2175
4192
2379
4404
4711
8935
1236
3267
6268
3077
5104
9660
5137
4835
279
8393
7359
112
5023
8325
7585
9724
9368
844
6697
5863
4182
9338
7753
8148
263
6171
1716
2946
3866
5778
5261
8801
19
4835
9512
7246
7538
568
3553
9486
3732
4666
4054
8627
5092
708
660
6631
758
9253
3431
186
3941
4480
4027
6354
2330
4858
27
135
675
93
5744
6697
4306
9814
6447
7108
3326
5693
3233
9662
4551
856
5602
5099
3563
3975
2088
1517
852
1882
6872
2377
5065
5581
6331
6512
4760
7042
4188
620
4092
5811
4700
1134
7764
3390
3538
1512
625
8531
2784
742
4691
3496
6403
6305
97
2562
1699
9260
4156
9380
9955
4146
9716
9957
9196
8928
9087
3397
2603
5912
4251
1474
8297
6651
1317
2961
6907
3153
2246
4796
5821
6373
1039
782
6689
853
4650
3944
3034
4715
3186
8570
4608
5619
2798
5332
6435
6529
3406
3818
6959
3863
6761
7450
5428
7142
8322
2659
7281
9140
7899
1075
9534
4134
646
1834
9126
5316
8820
6232
7904
2056
9523
2111
6773
61
4686
9873
5776
7533
6652
1142
5792
5173
6513
4475
1101
8323
4612
4242
1555
6465
6907
1480
1900
2780
6628
7772
6917
8425
4496
810
630
4514
2884
59
1978
4965
2840
1699
3537
7479
792
2460
3578
7001
8643
4879
4075
5235
346
7615
7371
7578
9069
452
1192
2643
7093
8450
7854
7157
1608
9867
1356
9744
7933
7362
2911
5364
3254
2079
4411
8415
963
2321
3588
5001
8675
3928
9853
53
9465
9614
2245
6282
6879
3986
4118
358
8159
9697
7777
9317
8998
6766
4891
716
9910
6589
1175
315
5693
7194
7635
8291
2452
8055
2921
5792
9196
4832
745
5724
5701
4525
7979
2033
5388
5663
9672
5660
2495
2506
4981
9026
8917
6273
3790
2972
34
8453
163
6172
2427
2176
505
7967
3563
8388
2207
725
712
9505
8430
5124
6785
8207
5204
9491
8205
6176
8899
709
4306
7618
7215
2585
4111
9884
4537
5822
9895
7199
2283
9590
483
2131
3822
8730
7273
1456
7101
7641
7227
6387
308
5787
9941
9395
7209
7157
5377
1047
3824
7757
5683
9780
4059
6134
8505
8875
4663
3202
5448
430
8204
3008
6741
5733
7488
7046
8101
9925
3155
9437
4325
4764
3590
1107
3172
453
2179
7171
943
619
4777
2122
9471
3563
1467
6761
6725
832
4615
4816
576
7534
5436
6
1501
7520
8086
8626
5655
642
9599
4271
7307
3937
7347
2263
4409
4236
2292
396
5462
8943
9711
5275
6762
5321
7468
6778
4954
6534
4418
2350
9156
859
7479
2525
9020
1066
710
3032
7164
4189
3786
1733
1123
5241
8291
1764
1847
6299
5669
1440
5738
4313
3780
1287
5920
3001
1991
105
2719
3323
8379
621
1192
4694
4292
3126
6037
2361
6572
7644
396
1411
2094
5713
3006
7935
3550
4885
6786
765
1960
3680
2587
7881
7069
6393
9432
6548
8383
3659
4928
4674
4887
9411
5847
1846
3472
7514
6682
6628
3410
9144
7573
9844
3096
7731
2270
3136
6820
9539
9946
8846
7756
1148
3160
9197
1306
9252
3065
1273
8242
481
9242
4069
2657
2352
7052
688
3917
8131
8981
3872
2197
2649
641
2889
3388
3193
6645
9580
9174
3570
5795
1114
7972
9200
704
1719
2312
4778
5861
9057
6904
9505
4389
4311
1135
2360
5593
7372
6096
2069
7244
600
6941
6379
5587
667
9493
5899
5
160
5120
5861
1065
1326
643
1006
4593
164
4393
4623
4866
5218
9791
148
9645
5732
8269
1787
7612
8604
2962
2362
6001
1670
4318
1527
1691
2183
3909
9598
4475
6392
2230
342
8187
2150
1780
5185
8200
4237
4329
309
8858
8782
6318
9307
569
4107
4846
4550
438
5532
5832
7656
3776
511
3005
192
3831
1535
9162
8540
3194
6086
1538
9721
6244
2059
7879
4479
2223
6030
5599
784
5617
5575
7773
7800
1530
9649
1723
919
5349
8551
1509
9076
3381
2862
7883
4357
49
7073
1372
7767
6309
920
4143
9458
3339
3300
2383
10000
6195
9848
1272
5192
3178
7018
7515
97
7227
4151
4138
8011
5386
1326
8715
7097
1314
3985
6732
9930
6758
7874
6455
5108
1084
477
5028
3516
33
2157
3046
8108
1906
7013
1582
7710
2722
4860
7756
3674
5056
5555
5363
7990
7662
3370
6237
6535
932
1140
4819
9633
8777
8688
4228
2615
1903
8898
9325
2653
1533
2325
5455
9400
2625
2431
688
8146
8705
1057
9033
8698
3589
9483
3196
3390
1294
8287
598
3978
9147
1819
7874
2791
3761
3815
6973
4787
310
7214
8218
1654
9338
7972
3657
4984
3173
677
899
3587
799
7146
7206
112
6439
7160
5859
1623
5610
600
3693
9717
6249
627
827
1020
6499
9730
8467
4470
5780
5201
6766
7461
9700
5889
3675
438
6366
7370
6463
7273
5189
6322
967
2548
7830
6972
5673
9776
7217
8028
4705
1122
1356
1444
2627
3947
7287
1105
1008
5379
1257
9511
2669
2776
769
1888
979
4712
9658
9461
7290
4429
8056
2695
4164
2051
3727
6110
3564
2202
233
6609
3713
4750
3025
702
100
3293
244
4719
3306
3569
1681
832
1591
4470
8609
5038
1307
9229
6304
9118
4876
7031
6204
3789
842
4625
9890
5798
6049
87
7893
5608
5313
1666
1580
5010
7857
5194
1652
1053
3423
5592
9126
7212
4772
6120
2337
9906
1726
7741
7071
1456
5761
7276
8727
5215
1830
3845
1248
6297
1928
6898
9178
392
2193
656
9757
9489
3477
3463
1118
978
5506
5063
8919
5018
5584
1628
5076
1118
8666
3086
9085
4294
3868
7619
4592
3572
4226
6852
7893
6274
975
2910
7463
1829
8449
2618
272
8850
7045
6223
700
9614
3088
2992
6825
8127
8565
8050
8019
6772
2925
1036
9429
4815
6019
484
7145
8886
5755
1108
5885
5942
8255
7558
1163
2384
3064
7453
1521
2198
4800
9813
3395
2001
339
2530
383
2475
2786
2719
4939
6763
2647
3460
953
4547
6374
3410
7942
728
2693
5727
8865
1746
950
7379
8324
8726
614
8357
6164
5647
9314
7296
5475
3519
536
1341
5367
1635
8890
7069
1232
4675
4653
2084
8816
7736
1582
5152
9480
2604
8868
4434
2217
26
6555
9457
2758
1900
1446
6910
5551
124
3728
1741
3584
510
4166
7121
5356
2436
5168
9469
5948
3649
3476
8563
6952
9067
7423
7861
7452
359
1
2
4
5475
9270
2569
9019
7347
1424
1124
9942
7660
5620
5556
2394
6256
1644
3213
6060
3267
6092
1010
5031
9516
8521
8201
3776
1110
2031
2346
3043
230
5287
1288
7112
8610
5144
6832
6826
7448
1945
6667
9524
4953
499
7585
7874
2942
8237
7023
1931
9833
6126
5813
1531
4045
3209
9405
890
4695
3975
69
7605
9972
5028
8245
663
7717
6388
5627
8936
5533
8730
5980
464
6423
8615
5333
8940
1204
8077
989
2729
2844
9722
1313
6072
243
5956
7762
3503
777
6571
1127
8232
4143
1028
473
7913
1539
2517
9194
2810
9797
8249
2381
2799
2221
9673
2431
801
1698
4509
9411
5826
8100
121
9380
3794
1772
6739
5249
2083
1104
3390
1949
1728
2447
2283
2300
9335
4235
3365
6391
1140
518
3044
6676
6459
6774
4042
9598
1512
188
3480
7483
5743
4914
422
9
3206
4242
6687
7706
4740
9345
8246
7388
280
3899
8302
9489
4153
3397
8983
6845
439
9625
9566
5260
114
9653
983
1998
9541
2475
5035
7863
7891
2046
1504
8454
9482
3388
7278
8273
8179
5831
6544
5203
6056
9920
9953
5554
9123
7748
9668
7692
6515
5904
7004
6736
3377
9947
6185
6794
1652
9075
7297
2397
6459
5896
3171
71
3186
6845
1312
4589
8617
7841
9786
3456
413
7579
221
3161
8176
2229
6020
2095
4868
147
1292
5995
505
7507
2958
6126
4728
6813
7293
2054
6297
6827
5257
8021
6639
3999
7535
188
6263
6671
535
5251
621
7382
2621
2055
1718
2800
4494
8632
4271
2338
6086
6285
2322
5693
1467
5981
444
1725
5069
2
9686
8070
1488
4516
4373
8069
5191
9586
495
3941
8654
7360
1250
6063
5466
3714
4962
451
2212
349
6242
4581
1116
8825
7925
7887
1280
1261
8294
5945
8419
7892
5219
2828
8998
7205
1160
5427
8278
8899
3699
6796
5967
5091
6546
7175
8024
3334
7252
6553
620
8221
3740
5046
8414
2891
8546
1748
2316
7763
9147
8840
7003
8005
258
520
4100
8822
3245
779
6114
9200
9300
3834
104
3546
5774
8710
9189
4037
8169
4172
2254
8586
5793
9836
4420
2431
785
1889
5756
1519
8203
9093
7990
3546
919
1501
5668
1719
7854
3121
617
5372
6776
7110
7264
1939
5520
6346
8045
4673
4506
3164
8217
1480
5197
7054
3957
6800
752
8186
2123
1804
5476
9018
3752
4531
5467
8079
5884
2767
233
5301
827
5086
5694
4089
5848
902
2702
5958
1625
7643
3688
6971
3387
831
9725
9999
7027
7681
1725
4771
2616
6070
7337
4657
499
7987
4110
654
7196
4246
9477
9687
1486
9109
5848
7653
4160
3879
9657
4862
7865
4926
7352
7092
7816
387
6762
2511
6273
1448
8594
7855
2957
3430
1140
9504
4634
2913
1752
850
3351
4024
5505
8668
4994
9203
6090
6086
7079
3176
727
8419
4427
853
9023
1972
4188
9432
9452
9441
4309
644
9066
3899
26
494
9386
3102
791
6375
3289
4175
1202
4517
2511
906
5896
6425
5598