-1266
-6516
2844
8529
4292
9115
-6923
9068
9214
-2668
3652
9550
3165
5446
-2162
-6368
-5385
6612
3262
6151
9527
1868
-2799
304
-9089
-6831
-3465
240
-451
-2595
8680
5128
1314
-6205
5889
34
-9642
-5440
-3306
-1143
-3034
8662
5271
7273
-4447
-4111
6457
7717
6836
-4358
-5627
-3145
-4348
5229
9399
-3490
-8218
-4901
1223
-1399
9571
-7506
1329
3431
4299
-3675
-7226
3200
-5456
-8980
8188
821
-1009
-3160
1432
-5437
4437
-4060
8563
385
-2240
-6938
3444
-7504
-4409
4951
7531
-9712
1291
-3998
-1072
-1612
-5132
4511
5524
-8234
1494
1077
89
-2477
-7896
-6894
-7325
7216
-9242
3784
4884
-4460
-1546
4062
-6266
-5287
-3794
1707
5782
-9705
5185
-7806
2104
5006
-6540
-1719
-1499
-329
-6357
-3012
-3016
-7558
-3333
-2352
2489
-6656
-7740
709
-5206
9472
-9298
7482
-536
-291
-4581
8529
3343
1668
-3552
682
9215
2798
5719
-3802
-4021
-1881
1684
5404
7443
2836
7769
-3672
6184
5375
-8197
2855
235
1303
-6006
5872
3032
3631
2296
-8803
-3189
6666
4134
2767
2941
-953
6619
-688
3770
-1676
7061
1385
-1395
-1281
-8867
-947
-6010
4244
3239
3251
4845
460
-4041
-485
-2385
-1542
-684
1530
3961
5998
-7006
-9947
-1416
4332
2564
-912
-342
4702
5255
1257
7671
3618
3999
1473
-1781
-2237
6383
2757
-9834
-7708
9494
-7544
-8742
6377
-9304
-6861
-2318
7487
-518
-2065
284
6230
6730
2634
7813
-5694
1146
-6119
-6344
6388
-6685
5408
9816
3546
-2889
-4348
-8315
2580
7476
4121
-3403
3944
-1143
1264
8921
-6331
1351
-3671
5662
-3811
-6522
-7483
9221
-811
7514
9368
-5574
1151
-5931
-4572
7132
-6063
964
1272
-6667
-7694
9398
-4141
-2895
-2519
2595
-8996
-7048
4847
-2065
-8597
4174
6260
331
44
7990
2317
1850
-9486
-1666
-4410
-8351
4691
-4826
-9965
8945
-5360
-508
-8958
-5829
-5492
9575
6505
-725
6467
8823
-4975
7130
-2095
5174
6121
1312
8224
4919
-8120
-2282
-7062
6318
-623
-2864
6115
-6071
1487
-9705
-5848
2803
570
-2875
-7075
6055
7039
-7514
-2660
-5097
-4089
8259
7381
3531
-7479
1338
7924
-5055
-9919
1783
5971
-1749
7779
4522
-371
252
-6139
-7716
8756
-4546
7754
6059
-9873
8142
-3101
-7018
-1766
4687
9027
1524
-4153
-968
8626
718
-5454
1891
-1464
-1028
563
-7586
-976
6781
8618
-1071
-5283
-1395
-776
2626
-1849
8291
-6685
2196
-8803
-9991
-4958
9217
1174
-4682
-6237
7992
2955
-4175
-1046
-1832
3489
-4337
-9426
-994
1412
7938
-2150
-4592
-9264
-8943
9118
6823
-6646
-4257
4865
-2572
997
5247
9707
2630
-1337
7208
2251
1679
169
-8730
3596
-2602
5861
-1757
-8041
9771
2529
-4361
4571
615
3844
-6606
5684
-6534
9022
-9878
7255
577
8672
3159
1791
1611
9339
-5799
480
-3101
957
-1572
-3310
-4979
-6033
3825
2414
-1147
-4276
-9405
1003
-4352
-312
-7155
-6212
5921
2698
-6908
5672
-9474
982
-3939
-4284
-4754
4209
-6251
1011
8650
6349
6530
6155
991
7374
6810
-649
-329
5526
-3468
7323
-6891
116
2734
-6446
-5511
-6488
-5800
9796
7277
2815
8316
-6806
-3217
-1589
7378
-4938
-3223
4763
2403
1084
-2950
-3951
-6160
144
5191
3616
3918
-897
-3928
9187
-5033
-37
-9602
-9104
493
7178
3192
-6677
-4764
-5974
9810
-2583
8216
4342
-8291
313
-9647
-4606
-2132
3276
7578
-6622
-7034
2717
5615
-6823
537
4900
8172
4842
-3511
-9577
2046
-5778
-5531
-6556
-3616
125
-6332
-6155
6497
7704
-4409
2917
-962
6491
8181
2121
-5155
-9531
-7973
-9473
-6371
-1593
-1880
528
-9676
-2763
5592
-9079
5350
-7722
434
-7108
320
7558
6528
4125
-4461
7809
8366
-1991
-2617
1239
-9400
-4086
-7579
3612
1947
-8522
2077
-3851
7826
-1255
-462
-7248
-9237
4717
5969
-4658
4722
2899
-2686
4268
4258
-6933
7866
9733
228
5561
-6839
-3408
4753
2717
-4198
-9532
4846
-4389
3982
-1409
4094
-5246
-195
3635
143
-8551
4594
1479
-9986
-2387
6736
2370
-40
-3795
3131
-9181
-5342
9491
1343
4336
3108
-1852
-9299
-4078
-816
7098
7742
2020
3031
-1828
-3490
3941
-2519
-6385
-8967
-6576
-9740
-5697
-3759
805
-9895
-2047
5906
2185
1476
-2279
1233
2327
7984
184
2075
4114
9956
-9308
5151
-4723
-1336
-7781
7851
-5272
-5841
-3651
-7062
-5222
9893
8700
-2612
-171
-1449
419
-5450
9914
-1954
3324
-5718
-9283
3955
6532
2317
-5774
-1336
8796
6867
-5677
6754
2939
2039
-2319
-8125
2972
-3292
-8529
9813
4716
-9790
5211
5955
7043
5963
-4165
8106
3038
88
-6114
5253
3999
-6342
1338
2342
-7560
-198
-8980
2235
5831
-6882
266
144
8282
3514
-7499
-8452
9670
2291
-1392
-5162
-6313
5617
-1292
5412
-6691
5129
8978
5141
-4835
4375
-7797
-7444
7261
4141
8343
4339
9372
-6857
8099
2069
-9291
74
8414
121
-1102
7340
-8163
-8214
-8721
4253
-1438
-2972
366
5805
3049
-2373
3421
-9485
-4317
3368
-1333
2193
-6811
-8455
-5030
4513
-1261
7365
-8871
1842
2036
-6324
9589
-3813
-7520
-7051
-1338
-5759
9736
-3333
400
6863
7106
-624
5230
3999
-3004
-4995
-2059
2371
5357
-3070
6619
-7301
2534
-3661
-3174
-8339
4421
-1726
-8895
6944
6632
851
-8066
-3285
-19
2984
-1178
-6237
-8248
1647
-2081
-6680
8619
-6210
1178
9348
6790
-4593
-5431
-3056
-7626
-734
3959
1190
-7266
-7230
-7970
7165
7611
-3200
8657
-3792
2360
-1307
-4912
6126
-1832
-8147
5584
9435
4221
4255
1358
-1171
-88
5023
-2211
3975
-3267
423
-8450
-1175
1833
-8846
818
-3461
-979
3169
6424
8695
8672
6419
-1937
4150
1450
7294
-8582
5896
2099
-6660
1142
-9187
-151
-5078
7104
-5906
-794
-244
5693
-2204
-8481
5001
5017
7084
9285
9500
6713
-4975
7604
3657
-2620
-4142
3625
-1463
-5761
-4361
-6212
-7570
-1876
-8123
-5957
4514
-3174
-8596
4810
791
-4229
-1626
4862
1363
-3283
8613
6405
860
-1615
-9988
-6959
-8264
8539
6320
-8989
-5628
2532
-5032
3484
-8948
-7583
-8853
-1899
-7135
8790
-6205
5306
5103
9788
-7103
-4709
8247
-4119
-3545
-8625
8753
9211
7076
9509
-7627
783
-8054
2533
54
-8582
2356
-6021
-8999
-4957
-6443
-6869
-1952
-3342
4719
4876
-9049
5911
296
-139
-7877
4548
-3097
-3442
1309
-7089
-145
5913
-3030
-5577
-6070
6755
-2974
2576
3350
686
-7053
-2935
7826
8443
8966
-1766
4637
-7452
-1283
6381
1749
-7903
3034
1372
6165
-5602
5662
2211
279
-3810
1428
8207
4758
3025
-397
-8208
-8943
-4197
5871
-6470
-9320
-2402
2474
-506
-9431
-5105
7687
7248
-3673
-2307
-7872
-6839
-82
-881
-3304
5217
6710
-6388
8465
7477
8906
4941
-6721
-9540
-2473
1016
3436
-3787
6903
2509
-9569
6198
1182
-8768
-6934
-498
3227
-9532
-4930
4116
-7790
-8718
-3539
4157
3729
4674
-3580
6946
9190
-7217
2335
3478
9559
9501
4932
-3425
3347
-8056
6601
1058
2765
-1777
-2464
5882
-4894
-7402
4166
-1378
-5745
-5408
-8898
-9837
-5985
-6191
2817
-1719
4154
-7096
-2508
1462
-706
6666
3237
6900
-8356
2339
3135
4545
-3524
-2602
-8383
8857
-6033
-2959
3304
3712
6900
3290
8858
-4264
5496
7662
4016
-8044
1564
-7928
3280
5986
2539
3384
6909
9842
-8532
-2308
-751
-3461
-7903
5522
-5735
-850
8202
7870
4707
6081
9811
693
-8000
-6315
3827
-7821
-9865
-9008
-4870
3234
-5658
-9740
-7172
347
-2909
-871
2533
-3216
3635
-1414
9247
-790
712
-2258
2972
9343
-7033
1392
-6756
3456
5490
-5217
1839
-7950
8922
-9088
3592
-4119
7331
8737
-3377
-4566
6126
-871
-2553
6162
-4904
-5161
8058
5321
-5931
1092
-9013
-4846
-5038
-4605
826
-564
-6082
-7047
8913
8778
-156
-2324
5213
-3086
-8349
-6065
4319
-1427
9384
-5484
-2648
6115
2741
9769
-761
2484
-1165
2488
980
8910
-5165
-7589
-2225
1421
-9068
-1300
-7403
-1064
-7087
5724
833
-4707
5237
6137
97
-12
-8766
-6336
1897
-5229
-7183
-713
2578
-8074
7455
-393
-9486
5626
-3755
-3043
-7358
5458
-319
3795
-2498
-5112
-5825
6711
1578
-766
-3805
4793
-6190
9805
3198
-3948
-8686
9307
-4232
-4222
7700
-6808
-5509
-6104
-869
7003
8597
-4241
636
-8420
-6545
-1045
-4897
-3621
4392
5725
-2819
6365
7219
5383
5230
4657
2743
9002
-8539
-2236
-437
-5141
-3887
1021
6041
-9997
5946
9492
-4254
-586
9703
4902
460
8897
9497
976
3572
5684
-4573
-5679
-2756
4709
-8634
6096
293
5435
-848
893
-6509
-2277
2918
-7987
-1494
4505
-7661
-9189
-2923
9531
-347
-6731
7250
9261
-9833
-9788
-8934
3911
902
5740
391
-2361
-2589
7056
-9662
-7703
-9233
-7661
1308
-7230
2123
-7224
1148
-4835
1225
-4963
-6480
4267
-9530
-2930
7028
7895
4516
8627
-883
-9603
-5763
4419
-3662
9287
-6268
-3869
3982
-3228
-161
-4945
-5568
-9645
5527
-601
-8891
8752
-7358
5016
-7319
5544
1541
9370
4044
-2829
3947
-2696
4561
9972
-8984
7203
697
5341
-2329
9341
-902
2959
-2381
9306
-1710
-7907
-9361
-8000
5469
-3658
8476
-5321
327
-6181
-9868
3247
-5985
4931
5345
7875
-9826
2247
-8629
-9186
-5780
3789
8438
-6311
9806
-5341
-7365
5484
-5236
-1620
-4289
3462
-9952
-9627
6394
9810
5418
1725
6525
-6631
-4911
-2261
9598
623
5457
-7580
7202
4503
-4822
-1405
-3796
4460
-8315
-6826
8694
1508
-1212
7113
-8779
6293
-8198
-1982
2376
2716
759
-1173
8444
-9678
-4475
-9145
5031
2291
9495
-8826
-5
8210
7940
-9311
1978
4249
-9363
-4216
4257
-1099
2938
-7564
-1200
-1591
4455
2410
2954
6729
5611
6292
4492
-4440
3569
1519
-7593
-3515
-5142
-4612
-9464
-3123
-6276
-4302
-7205
7839
8404
8961
-5207
-318
4579
-7822
-3333
2755
-9826
4185
258
-1552
-1971
4886
-6653
-1956
3977
-3478
6204
-450
7333
-9949
-6111
3592
-5120
-4543
-5507
-7453
6133
-4692
-502
384
-2735
9379
-6132
5083
-8872
3137
-3603
4109
5384
8889
9326
-2925
6570
288
-7680
-2569
-2057
-4248
-274
-7913
784
-9691
384
1216
-4167
6638
-1508
-5315
4788
9471
65
3075
1963
-2078
-7584
-8124
8422
328
9286
-3273
-9477
-7849
-7531
6825
-1328
-9896
6081
7516
-6163
-763
9355
-6827
9054
-7318
8677
879
-793
-4126
-577
-1028
3976
-8298
-3273
1413
-9251
6199
-2007
159
4181
1339
-4124
-3904
-5929
2913
6833
6944
1986
8081
-7599
-4466
7302
-3478
4516
5350
-8200
-7166
-2787
2617
7837
-6157
-5455
1444
5366
-5204
4331
-1326
-1799
-6120
3077
-6879
4073
9880
-1613
-3657
1948
6647
2597
9436
3930
-1626
-547
8712
-8362
3159
-6762
4250
-1217
8627
2791
-7216
2643
-1657
8242
-2534
5
-5166
-5374
-1962
1041
-3524
-7142
-6981
3211
2804
6754
-9735
-4923
-4160
-9453
-8711
-457
5357
-276
-5536
-313
-7728
-4749
9708
2639
-5876
-1265
-3980
9420
-7696
5289
4258
7839
-6208
9928
71
-9120
-9614
-1232
-1842
-7505
2951
3726
-5603
8957
1560
-9162
-8643
-8972
4015
-1600
-2301
7856
7086
1762
-2594
-3524
-3357
-1616
21
9162
-7345
-6498
-9050
8154
-6511
6224
-5834
7611
-3973
958
-3144
1923
7237
-8870
-2776
6993
-72
-7395
-324
885
-9804
-1757
2009
-7842
-4317
-349
3107
-2225
6892
-1316
1132
-1543
-4953
-3062
317
-8883
-1637
-422
6606
-1725
-6900
6158
3008
-252
6890
-437
2426
5869
841
1073
9080
6181
-1148
-3368
2224
686
4828
5532
6689
1655
-5907
-2761
1761
7686
-560
6581
2818
-6425
6413
6107
1297
1122
-2338
-8328
3951
-9056
6422
2225
-4258
-4179
-4993
-3575
9825
-5319
6316
-3454
-2866
1362
9509
-4760
-3832
-2076
-2582
9724
2696
3867
6986
2690
-9204
3312
9480
-9797
-2022
-3286
6551
-4250
-9655
-9117
4970
-1298
4352
-9388
-417
2638
6566
9170
-207
-4729
-3103
-9773
-7506
-8589
2252
4620
6017
1268
4158
-6260
-873
3642
-5406
7998
-4706
-8556
-8764
3555
-6042
-4190
-9612
7484
4437
2536
-7007
6137
8917
5251
-3878
-2576
567
8814
5325
-9461
2707
8013
620
-8670
8456
-5355
2149
-9172
4338
463
-6529
1637
-6022
-1266
-7007
3139
-273
-775
-9329
-6130
6677
-9691
5380
4384
-7338
-7556
-3253
8482
-6788
-7001
6544
-8296
159
886
3057
-5233
-1347
4264
-8962
-194
6847
8387
6830
2315
-7270
-9201
1931
-4644
9322
3909
-6820
2282
7587
7979
-2309
5504
-6010
5747
-9920
1634
3642
-3511
312
-5677
9502
-8655
6007
5306
-453
9260
-3513
-3400
-7245
-1644
854
-5343
-9055
-7874
2161
5592
-664
4353
9907
2463
6081
-2902
-2291
3556
35
7739
3507
-5794
-9657
4202
-2790
-1300
2025
-8458
-9346
-9693
-7085
4147
-7665
-7529
-217
-4876
6959
4951
3186
19
-2024
-1685
4395
-8903
2116
-5332
-7851
-551
-6493
489
-1473
9051
-8581
2697
2793
5648
-6656
-7363
-893
5648
2202
-5061
9292
-5411
-5608
631
-9789
584
8586
8621
5948
5721
3916
-646
-7701
-5616
-6210
-1560
1026
5752
9810
581
-8912
8230
-6491
1360
-7781
2932
9364
-8103
-3785
-4115
5553
-5199
4713
9771
-9243
-7649
992
2368
-1457
-6114
-3627
-5211
-4215
3949
-518
-2883
-8868
-5700
3764
3354
6673
2801
7932
-6435
-4854
7845
-9447
-9040
9963
9400
5237
2469
-3970
-3860
8844
-5397
-7481
3646
-8984
2364
2167
-4921
2376
-3831
-5066
8719
-6413
-2817
-9464
6251
-7893
5790
406
-2891
-7498
6039
-8458
-2539
-4454
-3724
5900
-584
-865
9917
4733
-8753
-4517
6314
-5762
3518
2907
-1649
-7756
1284
-3307
-3405
-2809
8113
-8336
-1911
-4456
239
9920
267
-663
4177
2787
-1641
5601
-711
9500
-9515
1896
-4742
5608
-3575
-8392
-4001
1684
4
-4535
-8669
9160
-7393
221
-2602
-7809
-9701
5427
-6453
6064
441
1527
-2528
3573
4824
6720
2938
-8404
2617
-5549
-8096
-3177
-8278
-8092
7543
8216
4493
-7013
-8234
-6314
-1864
9390
-6071
-3910
4772
-8982
-2206
2846
9679
826
-2611
-7723
-8992
4204
5583
595
6076
-3650
2645
-7104
-154
3245
7162
6866
6755
-3322
9786
-396
1296
1488
-5210
-79
4466
6915
2783
1043
6677
-2616
5879
7587
4956
1919
3391
-5917
8771
8554
9557
-740
6252
-7857
-4650
2693
4462
6344
9445
1240
6775
-2838
1
-5810
-7558
-7106
8994
-3440
-6912
825
-7473
7192
3082
102
8116
-1454
3230
-4283
3383
9534
9756
-134
622
6668
7120
7407
1833
7970
-150
-2806
8025
5166
9426
-9424
2723
-3869
9391
-1541
-1321
3068
8470
1053
238
-4879
-2035
238
-7436
1340
-442
-3594
-8994
2904
-6716
-6039
6446
4099
-3965
3633
7148
-9618
9619
-5046
5395
9290
-9036
-6821
-447
-9810
-5598
34
-1304
5832
1138
-3783
4433
-390
8412
9939
-9371
2912
6080
-4160
2129
-8467
-8394
7449
9244
9754
-3204
-6815
-7151
8222
-8353
-6249
-3170
8992
9688
-9595
4304
1871
4132
-1919
-8367
-7063
3310
-9255
-764
-9616
739
-7117
-1628
8716
7417
-4505
-5972
224
-4181
2609
7572
473
2832
8322
-8354
-7955
-6884
3858
5426
-4211
-5455
3949
9247
-5463
7807
-5099
329
2518
8729
686
-9719
-6440
8519
-4914
8133
-3156
6669
-9300
-621
-6145
9294
7051
414
-9021
-5879
-3282
8330
506
1795
-6404
-1187
1014
5440
-7889
-5591
2994
-7695
8543
9859
-7294
-5686
3623
-7621
2254
-7567
-7836
5192
-3327
3714
6093
-9949
7608
-60
-6882
-2597
-775
6661
5382
-7769
7820
6634
-5272
1527
-3612
4289
-9904
4160
540
-8260
8591
9356
5385
1230
8311
4459
-3243
5183
4300
-3496
9958
-5853
-9678
9507
7268
-5342
-5452
-9579
9962
-2175
-7248
2912
7976
517
8725
8857
8674
-3823
3957
7993
-7129
-5353
-4707
-666
-7827
2712
-9353
-1876
-737
7215
-7058
-7457
2109
-1756
3915
-4878
-4194
5844
-8258
3318
-9032
5413
-69
5050
-7763
4015
-6860
-6042
1293
189
-4074
2464
-3164
2768
-5097
-6717
8649
-5548
-2065
-8613
1899
9941
-173
-1878
-3952
4319
-6545
-6474
9786
6122
-9
2786
-8433
6797
5586
-2325
7955
3170
447
-9577
-3766
-4443
758
8662
-5085
-4596
-9150
6278
358
1903
7131
-8872
9069
-9713
5533
3182
3536
5953
-6493
9887
-450
2580
5177
-6869
4311
-490
-5016
9859
3419
-4129
-4196
-2272
5163
-2131
-7800
9548
168
2975
-5901
8153
2903
-7204
4164
2979
-254
9736
-5363
-1307
-7237
-833
7810
-1305
1146
-2067
4779
5621
8850
-2363
2527
-1921
-9338
-6877
4696
5722
2944
9751
-7085
8818
4946
-8775
5865
-6895
2037
5133
-6496
-2564
-1120
3512
-6314
-5696
-9372
9009
482
-5039
-1736
-3534
4201
-225
5367
5445
-2006
6828
3270
-3055
3137
3288
-4332
-4934
-2552
-6855
-3175
1420
2318
4807
7063
4989
-5330
7681
-2893
-4739
-6916
-9784
-9796
7157
6240
2263
-5794
7288
-1782
808
-2619
-7729
-6894
7603
-855
-9605
1033
-866
-3387
6685
-8177
-5248
-616
-1115
2161
-668
3956
-3749
1030
-1461
5413
6086
5665
-4589
6063
813
-8855
8195
-3280
-9827
1291
4195
-1694
-6281
259
-7245
3541
4304
3658
5990
-9380
-276
-9637
-8628
2910
9784
6503
-5093
-9549
2249
-5141
-117
-1270
-1596
9652
7078
-1067
-6692
6558
4257
3393
2872
-6715
-2672
-7688
7815
1715
9797
-5690
4205
-7113
9980
-5719
-1358
-4653
2872
-521
-3666
-9831
-8488
8729
-7999
2260
-1260
3460
-3852
-6760
3905
5602
3105
-4078
-7093
7681
301
2215
-2741
6797
-9351
6997
6980
-8081
9071
-5868
9533
2268
5386
957
6225
-4253
8845
-247
6996
-6982
-9808
1178
-9724
-5581
714
3565
2932
4864
-5922
1951
504
-1678
-4831
1425
790
4910
1031
-207
3488
-1278
5263
-7128
-7955
-1845
8677
3821
-4246
-6206
-2531
7099
-9914
-2337
7881
-6397
-3032
-5081
-5219
-4477
6069
-6808
2613
4152
4482
-5820
9880
1470
3892
392
-761
9824
2252
7323
-5699
-9681
4956
-3949
-8376
2490
766
3583
-5172
1675
2521
-592
6086
-9797
6145
-5520
-7560
-9894
5107
5310
-3662
1901
-167
-5933
-8755
-6446
-3803
7706
3352
-8919
7776
1532
-1984
-3813
8530
-6030
7459
4767
-8211
2697
2785
-3297
8164
-5822
-9216
6499
9212
6070
2804
1609
-6106
-4004
9393
3583
4431
-407
-9260
-4986
-9129
9968
-9848
2269
-5698
5725
-1747
2032
-8824
2432
-684
-7117
-3667
206
-2493
2616
6595
2837
-5934
-8692
5568
-3627
8274
8569
7486
7742
8204
-7831
4638
-585
-1637
-7445
-1510
-8035
-4888
2170
-6316
-7193
4147
-3367
9538
1823
4154
-288
8645
-4597
-8089
3106
-7206
-1482
-2108
6053
2585
-8454
-2003
6269
1782
-2480
-2066
1728
-1492
-5853
-68
4557
7393
9103
-8852
5713
-5509
5241
-5031
-4697
-8175
-139
-5309
-2221
-4099
-1185
5020
-5671
-4615
-8305
9487
693
8777
-3232
9512
-917
-9784
6090
-4076
7437
5494
-3292
596
6708
4549
8801
6186
-4102
-6648
6649
3013
5044
7261
3479
7288
-8589
-2371
-7669
-4848
-3460
4137
-9627
-3201
9186
3152
-2956
-2039
3212
-5349
-5758
-7205
-2348
4900
4210
-9548
-3741
-3632
-2881
-4614
-7472
416
5025
7675
5401
-5382
6394
-4378
110
2656
-5993
-2247
5099
-3170
-8170
2142
3639
-2106
-5350
-5548
5114
2529
-6745
1342
4145
-8348
1761
9002
8802
-9251
-5206
7013
-7237
-5311
-8386
3128
-8541
5896
9280
-6025
8197
-6275
-1726
-7065
7595
-9108
-4539
6135
-8833
2861
6227
2184
7424
-4541
3890
-2214
-7017
3647
9809
3298
4041
7788
-4283
-5967
6347
-9276
-7470
-1191
7354
-6814
392
-9267
-280
1989
-7115
-1420
9751
6764
2171
-4156
-2935
-6723
1838
3450
-1365
-3056
5978
9016
5891
-3074
-2537
7830
-1497
-4360
5181
1971
8028
-9311
6457
-9286
-3432
6464
-2365
-9137
5584
-9016
-9345
-9013
-1328
5981
-1797
-12
-2238
-9747
9761
-8947
-8181
9670
-6487
-8787
3026
3375
-8610
9413
-1033
7375
2224
-5836
-6105
5076
4905
-1651
-8652
-7970
-6386
-8641
-8530
-5312
3135
7180
5095
2242
-1779
-3691
2709
-4462
-6118
5146
-9791
9094
9497
-3304
4797
2154
-4357
4597
-2937
2294
-7930
2462
-2029
3503
5530
-3973
7903
9137
643
9751
1169
-9341
-3169
862
4468
2296
-3432
-1430
-2638
-2631
-1213
3437
3806
-3757
8808
8280
-7070
5810
-4194
-9652
-5187
-1505
2168
-7413
-3045
-6644
3485
8547
-1993
9155
4378
6514
3991
1759
-1119
-2704
-1901
-1057
2918
-3766
1318
-7783
-6651
-9673
321
7710
4331
-2357
5088
3432
-37
-650
-2318
-1503
-3411
-4884
3783
3192
3165
-1934
-6004
-6520
1568
-2420
-1644
992
3753
-2872
4985
-5822
-9648
7034
-6656
4626
8033
2897
3339
2409
3634
-4396
-4207
1033
6089
5120
-1370
1100
8710
-3532
9438
8578
-4711
5579
9681
-7689
-934
-6933
-9136
-9812
-4059
-7942
3939
-8020
-449
-3117
-836
9021
8315
8293
-1761
517
-7450
6631
4578
-7681
4978
-2887
7941
4543
9948
-3579
-5288
-9421
2530
-2066
-987
5323
9679
-9183
-3127
8729
9560
-6922
4373
-1607
-5604
-8851
-9602
-9316
-3631
-6223
461
5304
-6765
-5509
6381
-5147
-1006
-3896
5729
4146
-4661
5347
4801
6965
-6701
-5175
-3297
-5832
-340
9706
9361
7414
126
160
-8678
510
9190
-4187
1185
-1478
9685
-1176
-6417
-6898
3615
-1261
7704
787
1007
-5806
-5796
287
2761
9589
-9064
3916
-7748
1746
5840
8299
-7237
-346
2330
-7482
8549
-7665
6318
605
7896
-9152
2828
-4645
-785
-2034
-6835
1333
7856
145
-9207
-1133
4510
-6080
-5778
-2194
3270
2248
2154
-2329
-1380
5338
3860
6585
-4952
1272
-2466
5250
6730
-3789
1694
-195
2629
1141
-4981
-4164
-2564
7311
-84
571
-3330
-6036
-9234
-1270
7470
-2608
-6667
-9284
-730
1886
-3528
2173
9422
6152
-5336
-7353
-5046
-4865
-1708
-2277
8678
9899
-7606
805
6877
-5545
-9035
-2434
8865
-2193
-5091
6266
8998
3852
-4431
338
-5581
4536
6266
1225
-8060
-5811
9543
9518
-9741
3027
1119
7566
-303
2072
-4065
3770
-7291
-537
-1473
-2545
3450
-328
-1192
-7089
3718
-3613
-351
-9292
5627
4641
-4748
-7845
7643
-9566
-9526
-2907
7272
-928
7877
-8758
-9873
-9869
-4100
-1875
-3533
-8405
1146
2141
-336
9158
1393
8335
-2751
-8132
-8193
8264
-2722
-9413
-4192
1637
9365
-3971
9080
-5162
3707
-2492
-1739
-6928
-6702
-2971
-2296
-3064
9949
-8037
-2672
-4514
-8635
3374
-5108
4068
-3682
-5096
4395
-8059
9525
-351
9920
5286
6906
-9053
-2162
1937
-4902
357
4942
-5549
-1279
1296
798
-9480
9419
-7816
4728
-3581
8684
9731
4713
-1173
8566
-4665
9162
655
2974
-1316
5821
1418
4765
5034
-316
-97
-1609
7268
3308
5168
-4804
1851
3640
-2242
5524
-7648
-4343
9616
6455
8872
-6842
7674
-7654
-1683
-799
1656
-7856
-1656
-6946
7413
6432
6770
-9188
3708
3098
6492
-2898
-1008
-9391
-5689
-458
-9235
-6853
733
4151
127
-1055
-9858
-2492
-722
-5734
-4291
-7089
2040
-4158
-1481
-2920
-8245
8280
-6762
3449
-708
-2386
9915
-5228
-5724
8413
-5932
2707
-7306
-2050
2600
4460
-2769
-8218
7572
-978
-5810
-6025
5954
-9144
7179
-2274
-8317
9770
6661
2798
-1380
-1990
9949
-8067
5523
5189
-1333
-9181
-5441
446
3156
4030
-7024
-3236
-4578
-5579
-9366
8349
6250
5833
-3644
8714
1335
6968
1596
6392
-2153
-1572
8058
-622
-8631
3384
-6336
6699
-3730
3786
-7218
-7989
-7585
8569
-2446
-6449
6771
-7607
-8621
-4649
-9536
138
6124
-8588
1851
-8780
1683
-9577
2387
-5288
-799
8857
-5517
-8666
-8286
-6946
7948
4666
509
9621
8368
-5593
5398
-9552
-3811
-1271
410
6156
-9781
-6338
-3671
-4712
-3211
-3746
-3710
6937
-1995
-8171
3019
-7116
3120
537
3354
1396
6015
-8886
4796
-312
6648
2987
-3854
-1416
-1861
-9025
5010
1590
3184
-7906
4130
-7557
86
-8137
8216
-5647
-8076
-317
-4227
-1569
-5877
3817
-9789
-917
-1013
-2340
-8098
3403
-8254
-6464
8074
5068
-2818
6662
-6426
4012
8504
-9972
1136
9747
-9564
-248
1444
-1544
9144
7550
9531
-7538
3873
-5478
-5365
1588
-4955
-5557
-9168
473
4960
-4522
3172
-3278
8077
-9941
6557
5400
2044
4069
9573
-3899
-7063
-6832
-149
8996
-6533
8865
-8478
-5860
-3714
-4185
-2269
3009
5993
-7473
7371
-6320
-1553
3440
-3174
-7905
4061
2147
-3438
-5159
713
-1054
-2456
-325
6759
5679
5767
367
3263
7859
7129
-6812
3809
7970
-1804
5374
-5874
-7349
-4792
2327
-2247
9783
-7383
567
1238
-2299
-8826
6529
9463
-1059
-2968
9816
-6553
8929
-5234
1896
3495
-3318
-775
4919
3866
-9776
9533
9094
2191
-6024
9439
441
-1522
-2177
7910
-950
4231
-3701
2433
9320
-1461
-6587
7319
5454
-508
2865
4913
7381
-7605
8279
769
7591
2728
-683
4019
-2866
-3487
-9881
-7249
3926
-3246
721
6265
8119
-5879
-7402
-2480
-2247
6570
-2956
-7896
7314
-5443
-6843
-8864
-586
7204
-9156
7345
2969
549
-186
-3835
-7038
8519
4304
-8825
-1955
-945
-3108
-7361
6060
7973
2085
-7580
7169
-9284
244
-552
8662
-7208
6754
-9871
4544
-856
4363
2480
8752
-988
2032
-2448
452
-2756
-9625
8023
8571
-7555
-5070
-7249
-2661
8021
1107
-4828
-2059
8885
-6228
7645
8938
-8086
2065
1334
-5134
-169
-1113
9760
-9687
1900
-5116
-9455
-6899
-9871
-8133
6554
-3301
-7752
-3913
-7234
4871
7006
6545
1907
2683
4288
9306
9076
7106
905
-5535
9465
1516
105
-1738
-2593
3194
5090
-7859
-9208
-7777
-7796
5688
-5934
-9076
1124
7870
39
-7371
8948
-391
2049
3973
8547
-8197
4377
1422
-753
4875
2191
2070
1826
2364
-2097
9993
6343
1142
7581
9665
7014
2130
2505
9478
4372
282
1907
6797
-5436
-805
-6691
-1773
1494
9795
-2129
-5411
-9584
5815
-9290
-2658
3472
-4796
2372
-1323
-4420
-5065
-8911
1796
-1401
7150
-3689
-9306
-7331
6048
9
-1544
-5218
4124
7881
-8855
7702
-8141
8334
-3939
1184
-2681
3129
2478
3231
-5597
6334
2846
3602
3881
8323
6551
-2757
7327
2066
2886
113
-9198
8880
-9564
9488
9558
-6518
-253
-8152
1056
-4646
-2631
-236
2547
6181
-9283
-4255
-2483
-2402
-3941
-7922
5201
-9001
-6699
2971
-8624
7648
-9604
-4682
-5293
6354
-4704
-8653
1376
-1603
336
8917
2648
-5473
-3733
2425
4608
6057
6898
7187
-8959
-5617
9349
-9883
-4392
4938
1170
-8071
611
-8868
-6541
-6123
3168
9347
-2469
521
5743
7406
3601
5797
4330
-8176
1289
9850
-1039
-1521
9023
-8194
1558
-4164
1889
7374
-5864
-2963
8558
9034
-5345
5732
2325
9835
4910
-7515
-6326
6034
3276
2321
-4702
-349
-8158
-5358
1820
8827
-251
-1306
-460
-8213
125
-28
-4334
8253
6373
655
-9757
-3883
-7459
2209
7756
-5482
6336
9940
4785
3754
-8038
1282
3191
3399
-5700
8313
8302
-5753
-4659
2444
5490
-893
8896
3242
-415
-3801
-5030
-4454
-6197
-5911
-7219
8410
-8139
-5592
9993
9158
291
-4044
502
1625
-343
5172
-2844
1258
-5715
8280
-4530
1616
-5168
3590
-8399
9783
7293
5860
9827
-9292
8404
-4776
465
-2523
-3843
-811
-6405
-2533
-9612
22
2510
-6780
8655
-2037
-5439
26
-2039
9734
520
528
4292
-4458
-6542
6590
5305
-5294
-972
901
-9626
1019
-1357
1867
-2621
8351
6527
4385
4734
7254
-9156
7420
5679
3862
5205
4418
-1302
-1360
-2791
1654
7405
-2147
-9137
-503
-4642
-7618
-6024
4062
4632
2381
9669
7592
-8904
7957
-5862
8803
3484
8517
9596
8256
-2167
1097
979
2037
-2530
-3226
7159
3327
-2350
-3769
742
-8727
4826
3165
6644
-4520
6343
-4595
-3842
-1808
-5642
-8394
8554
3554
9311
8118
4655
7694
-5139
-8874
3918
-2917
-8171
-1969
-8615
1275
7313
-6056
5007
-7778
-8196
-3159
1686
4152
-211
-8280
-388
-3170
4386
-8411
-8707
-3773
-8738
1224
-4401
-3010
5089
-9504
1401
-7936
3917
-8308
-8773
-8788
4601
-7679
3322
2246
7700
-6471
-3515
-9638
9926
1034
880
-2968
9674
-8999
-8168
8467
7309
-2299
-1219
-9402
3102
7725
-2112
-7546
2250
7407
5345
3280
9728
-8423
8863
-5251
-5094
3831
-9568
-2200
-4905
2038
-8725
-6939
9642
2888
954
-3546
-7466
9623
-4335
5623
5047
-7775
4678
-1679
-4822
-3151
4498
4257
4416
5418
3782
-5764
-4678
-9962
-1392
-749
-6747
-5030
-9750
-5563
-7950
6864
-6717
