3
5
4
8
17
15
20
12
16
41
9
40
29
21
20
5
13
12
85
84
13
11
60
61
144
17
145
180
19
181
60
61
11
9
41
40
5
13
12
344
258
430
258
430
344
645
387
516
344
645
731
516
559
215
516
645
387
258
344
430
516
6888
860
860
516
688
688
860
516
860
688
516
215
559
516
860
516
688
516
645
387
129
1726
215
258
430
344
645
731
344
516
215
559
129
215
172
559
2151
516
129
215
172
688
860
516
344
258
430
258
430
344
688
516
860
688
5162
860
516
860
688
516
688
860
172
215
129
129
215
172
516
3874
645
215
172
129
731
645
344
688
860
516
387
516
645
516
6459
387
516
559
215
645
344
731
344
731
645
516
387
645
516
215
559
559
2158
516
731
344
645
645
344
731
344
258
430
430
258
344
559
215
516
688
8604
516
344
731
645
129
215
172
430
258
344
258
344
430
215
1726
129
172
129
215
215
172
129
559
215
516
559
215
516
215
5167
559
516
215
559
215
516
559
387
516
645
731
344
645
645
387
516
430
2585
344
645
516
387
258
344
430
215
172
129
516
860
688
215
516
559
516
860
688
172
2159
129
258
344
430
258
430
344
860
688
516
516
645
387
344
430
258
516
215
559
344
2583
430
516
860
688
645
731
344
516
215
559
7
24
25
430
344
258
688
516
860
559
215
516
344
7312
645
731
645
344
215
172
129
215
559
516
344
258
430
516
860
688
516
645
387
387
5167
645
688
516
860
731
645
344
559
215
516
645
516
387
215
516
559
344
6455
731
344
731
645
344
430
258
516
860
688
258
430
344
645
731
344
215
129
172
516
8603
688
344
430
258
172
129
215
645
344
731
645
387
516
688
516
8601
344
645
731
215
559
516
516
559
6
10
8
215
258
344
430
645
516
387
344
258
430
129
215
172
258
430
344
645
516
387
559
516
215
516
559
215
688
516
860
559
215
516
215
559
516
258
344
430
516
215
559
344
645
731
344
731
645
731
645
344
516
688
860
516
645
387
344
430
258
516
688
860
344
258
430
129
172
215
688
516
860
344
430
258
559
215
516
129
172
215
344
430
258
645
731
344
129
172
215
387
516
645
645
516
387
645
387
516
516
688
860
430
344
258
129
172
215
731
344
645
516
688
860
430
258
344
215
516
559
688
860
516
516
559
215
516
387
645
645
344
731
860
516
688
731
645
344
645
516
172
215
129
516
688
860
172
129
215
344
258
430
645
387
516
344
645
731
645
731
344
344
430
258
215
172
129
215
129
172
129
215
172
215
129
344
258
430
516
387
645
516
645
387
344
731
645
688
516
860
430
258
344
516
387
645
688
860
516
215
516
559
516
860
688
258
430
344
645
516
387
516
860
645
516
387
215
516
559
215
559
516
387
516
645
387
516
645
688
860
516
430
258
645
344
860
516
688
731
344
645
645
731
344
215
172
129
172
129
215
129
172
215
516
860
688
516
860
688
559
215
516
645
731
344
516
215
559
344
430
258
731
344
645
172
215
129
215
516
559
172
215
129
430
258
344
387
516
645
645
387
516
645
387
516
215
559
516
860
688
516
344
258
430
688
860
516
516
645
387
387
645
516
645
516
387
344
645
731
344
645
731
344
645
731
215
516
559
645
516
387
645
645
387
516
516
645
387
688
860
516
516
559
215
172
215
129
516
215
559
516
215
559
172
129
215
688
516
860
860
516
688
215
344
645
731
258
344
430
344
645
731
344
645
731
215
559
516
688
860
516
129
215
172
258
344
430
645
516
387
344
731
645
731
344
645
645
387
516
387
516
645
516
215
559
430
258
344
860
516
688
258
344
430
344
258
430
688
860
516
344
430
258
344
430
258
645
731
344
731
344
645
387
516
645
258
430
344
129
172
215
172
215
129
860
688
516
860
516
688
129
215
172
344
731
645
731
645
344
559
215
516
129
172
215
258
344
430
344
731
645
430
344
258
215
516
559
860
688
516
516
645
387
731
645
344
129
215
172
344
430
258
215
129
172
860
688
516
258
430
344
344
258
430
559
516
215
172
129
215
860
688
516
215
172
129
731
645
344
645
344
731
688
860
516
860
688
516
215
516
559
430
258
344
516
559
215
559
215
516
172
215
129
731
688
516
860
344
258
430
258
344
215
559
516
645
387
516
516
215
559
688
860
516
387
516
645
860
516
688
645
387
688
516
344
258
430
258
430
344
516
215
559
129
172
215
129
215
172
516
860
688
387
516
645
344
731
645
860
516
688
215
516
559
731
344
645
516
387
645
430
344
258
344
258
430
645
731
344