-5105
-2253
6723
-2135
-1270
2644
9341
-723
-3025
3759
-7309
5210
-5097
-6748
8047
1764
-1563
-6166
2921
2168
-2472
3112
-5434
8051
1409
5043
-9728
4893
1283
2223
-5311
8771
602
-4679
5182
7265
8784
-5121
4580
3775
8046
-8094
-414
-5179
-4147
-6853
-3703
-495
9960
6992
-5941
6728
7516
-4945
1331
-6766
5964
3597
-7321
7568
9402
-230
9483
7259
2385
5380
-1772
-2699
5974
5996
-3674
739
-4279
8254
4983
5843
-2487
-4722
-4750
9556
7448
-2445
7738
4246
4151
-6210
1309
-8950
-3430
8034
-3583
-1479
-5099
-5367
7176
7541
5037
-1818
-2989
-5363
-9388
4080
2186
-8150
-9417
-4022
-7963
194
-6470
-7683
3601
-9122
-235
-4259
7037
-6074
3927
-5196
6402
7034
-2665
1636
-2495
6829
-1093
-774
7547
1428
-4655
-1949
-7513
-6678
-7754
2280
-6610
2280
-1582
2193
-6989
-7113
9102
6941
2453
7890
-2107
-2118
229
-737
-6773
8104
616
-3095
-5036
-8747
6989
-4939
3853
-5425
2448
-2285
3481
5938
9054
-9279
-332
9053
-201
5875
-1713
1719
5504
-5052
9988
-8145
4024
925
-7204
746
-7440
5606
1296
9481
5634
1041
2894
-9117
-3891
-8361
2506
-6163
4245
-9855
-7880
7219
8052
-8982
-2758
7483
2379
3930
-1887
6929
6040
1056
-7490
-7944
-9127
3141
-5462
-6668
2256
-6666
4451
9320
-4449
-8085
5846
-9851
7009
3942
-4202
4288
5953
-4718
-7129
-3136
-5074
7548
2448
2029
3209
-2466
1907
-774
7631
-5550
-621
-7980
7947
1635
3535
-1573
-6793
6121
-8723
-6932
3410
-6774
5458
1117
-3305
734
-9175
-2257
-423
-9537
8401
1980
8020
5254
7709
-2971
2142
-2178
-2226
-6985
-8412
3149
-4692
2582
-2912
1207
-2647
7436
-7310
3952
8399
-5424
6305
-1904
-750
-4453
1488
9137
8883
7380
-3148
9364
7109
-4221
6449
5144
-1330
-8403
9699
-1214
-8672
9801
2776
-4103
-23
1344
2094
8877
-1251
5714
7133
-9910
-2338
-6273
5584
-2342
7293
-3454
17
4296
-5020
-4353
-888
1346
-5730
2498
6738
828
2169
-2460
-7450
8515
-5608
-7282
4142
3395
5989
-9275
-6441
1885
7352
-3100
8119
2838
-1598
-7180
5824
-6140
-8938
-1279
7119
-7130
-3112
-8804
7911
6759
-6187
9262
-4923
-3048
7420
-6263
1745
8326
-8532
-1622
8451
-6789
7473
7878
-8518
-1000
-7039
-496
-9819
-6688
-5920
8641
2151
8120
719
-4614
3711
8204
2786
-4100
-9760
-527
2323
4714
9484
2897
5140
-2421
-2242
9667
5930
-7695
5406
3297
-5286
-2852
7942
7321
-5962
-8421
1798
4530
3224
2064
-9954
9670
-2265
6278
2288
-1796
3335
6309
-6306
-6557
-5508
9544
-1722
3100
5355
-3458
-8985
7963
4169
9022
3922
-7845
-8959
-9440
1566
-7847
-9278
-2063
-4098
-620
-8519
5905
6318
4129
6793
-8195
-1910
-1086
-4355
2964
-2772
99
-7536
6022
-5142
8912
-5933
8689
9589
-1093
-8645
3024
-6579
-657
-6573
6732
-1756
-454
8122
9812
7268
8605
-8568
-6731
-4645
-9318
-1526
9525
8928
-5592
3340
-4572
-5932
-6232
245
4802
6207
9071
4952
-4749
-6570
-2160
-4726
8185
5492
2409
-5826
2012
7892
3681
-6598
9085
747
6767
-2609
297
363
-256
7983
6786
-1866
-5043
3169
8307
1537
4517
831
-5029
1128
9126
8549
4756
-8459
3920
8548
4248
8693
-6132
-3952
8483
6957
7086
1845
-3379
2064
9173
4574
9249
1379
-5543
8924
-842
6403
1549
-7868
8834
405
-2150
-3332
-9077
2560
5953
2135
3867
5753
-7251
-1381
-8529
398
9887
8366
-3694
-6870
-2239
1307
5890
-3845
-9743
6478
-338
6987
-8979
5334
2639
4282
1016
1300
-3135
-3124
5165
8684
7359
6550
5085
5741
6271
-825
-9831
3780
71
4386
8716
-4578
3291
6579
-8279
-4144
9798
3397
-2637
-5123
6926
4403
1630
2339
-1845
508
8286
3220
912
-5508
-7980
-3088
9404
-8349
-4073
-5122
2043
-1742
-5877
4443
8044
4820
7422
-9182
-5027
-1679
9400
-7567
-5294
1504
-8591
-9416
8483
-3618
651
9077
487
-7828
3641
-590
-6258
-5626
-6805
-2012
-972
-7135
-3966
-2145
4228
7669
818
-7014
9660
9828
-9200
7249
6946
6855
-8714
9726
-7751
-1190
3521
-1282
6758
5071
-6102
9989
-9956
5718
-2187
-9865
4540
4576
9235
-6350
-5731
-5080
2450
-6004
5670
-552
-2216
5844
-5526
-7375
9978
-7967
-1086
-9601
1693
-312
-1396
1582
-5540
-9305
5662
4750
8980
6996
5294
-8872
64
-4633
-8445
9991
2959
-5229
8610
4691
-8866
3838
6867
-8248
-723
-9213
-1614
9499
-7703
5500
-7218
-5130
5553
-4881
9962
7646
-288
-1649
-7391
-9696
-7531
9665
-681
3879
-1352
-6477
9333
4302
-75
-1532
186
-8748
-6745
2036
3615
1309
-1941
8730
1978
-672
-6731
-2200
-7807
-9588
4366
-5161
-6210
-1995
-2321
-1827
5153
9800
-533
304
4762
-4975
-3965
-9939
-5822
-184
252
7805
8235
8495
-9236
6410
-273
-9109
-7115
-7359
7876
9413
-1008
-1886
1323
8776
2683
5032
-9820
-7398
2182
-4231
-8897
-4766
6652
-6427
3197
-9223
-9826
-8766
2719
-5568
9798
-403
-3752
1484
-3047
1428
1456
7462
1876
5737
425
887
1784
-3631
395
3302
-4361
-4348
-7850
-4700
1709
9647
5387
-8000
9160
-9136
121
-6901
7228
-5231
9320
1682
5225
-6189
8064
4075
-2793
9027
-3730
1838
-5285
4224
8829
-1273
8175
8150
-6203
3464
5878
5980
5911
-4569
5132
3079
8410
-9389
993
6415
3526
-6140
-1223
-2017
8830
7413
-2959
-5438
-3108
-8535
6497
-7105
6507
8241
3824
-1440
-3227
9865
-5163
-1177
1301
-5137
7148
-7613
-4850
5432
5423
7766
-79
654
-75
9221
5212
556
9763
-7733
6096
126
-902
-8770
-449
-8272
9843
823
-7279
8785
-4616
7107
6422
9384
-3327
-8008
-1742
4467
2618
-4628
6786
2938
-2919
-7371
4695
-7744
1955
8694
1607
1364
-6538
-4949
6678
-6558
-4111
-9392
7758
-2362
-4230
-8193
6652
1945
-9801
-7491
-1944
-5449
-8934
-6005
-8785
-1807
6613
9163
2068
-1358
8876
1895
-942
-5106
2782
-4687
-2853
634
-8383
7525
4053
5299
-3926
617
-8296
4771
-2919
-4669
1923
-9851
-4425
-6508
-4710
-3597
-879
2226
8062
3619
5992
-1470
4619
-7852
7499
5877
-4411
-5220
-2340
3094
-4899
-9542
-284
-7725
5346
7024
6177
4920
2453
-9835
-9854
-8677
-1205
-5734
-3981
-1029
-2598
-5444
1038
-7603
4653
-9205
-6067
-9321
6687
3926
482
6480
-2542
5289
-7807
2861
-7155
6351
5425
-8190
1404
5037
2580
-7439
-2690
6002
1
9257
6008
3177
2979
5613
5736
754
639
8188
391
-609
2987
3262
2426
6066
-5644
-1425
9744
3269
4773
-7860
-1456
2241
-6491
-8829
2188
319
-8921
7185
-117
5756
1212
-992
-7077
991
7668
-6411
1685
-1389
2865
-4754
-4647
-6508
-6714
-7033
6368
3694
-731
-6264
-8581
6104
-2315
893
129
-4942
2243
-1587
9819
-5312
-6268
-2792
-7905
9650
-2213
-8226
-1543
-346
1094
8843
-7240
9390
-1679
-1340
8268
3463
-4066
-7370
-5250
2607
-1199
-3902
4237
-2134
-8347
197
1514
6790
-9931
-2285
9173
4043
-4350
316
-6854
800
3406
-3264
-3108
6291
-9097
-868
-7736
-3790
-2956
2168
-3114
-5555
1065
-6392
-1819
7500
-4741
-4383
8358
6829
-6264
-815
-7148
-6151
425
-9372
4176
-6900
5961
7860
9648
-752
-2686
501
5917
-5238
-978
-8269
214
-7213
3574
-5006
-2465
3791
-73
5578
8876
9056
-3885
6591
-5828
9811
-5186
2993
-4106
-6078
-2341
3291
8130
7038
3611
8330
7790
6573
-6951
5430
3949
6276
-5964
2781
-8832
-1954
-6270
-7283
3505
2333
-4205
3568
-3244
5566
8845
-6436
6013
5478
5012
-7557
-9964
-2545
-1786
8105
-2790
1432
300
7923
2067
8827
1488
-419
-8276
-2724
-6831
5993
-9110
4591
-4904
7798
-3968
-7966
8865
-6584
9037
-7891
709
-8194
-4431
5095
-8436
9759
7715
-694
4546
5239
-4615
1113
4690
5019
-2201
4028
-6043
-1615
7436
6536
-8092
-2690
734
-4488
3747
-3442
-329
-6211
8265
-6156
-5993
-6938
1746
-4477
-6442
5614
669
-93
1810
-9251
-1853
-6962
9238
-3357
-8262
-9896
3028
-6621
7031
-4303
384
-2789
1583
3160
3282
9296
1111
-2704
4396
-9744
-2258
2410
9764
5904
-5281
-7752
7988
-898
6947
4454
-2059
-1994
-3901
5461
-1416
-1585
8474
-4209
-5600
-3912
-4196
-8348
607
-7757
4419
-8858
-6418
-3435
-8420
-7189
766
3940
2708
9759
-1583
6249
1420
6189
5984
2772
164
-1481
5902
-217
5274
7720
5692
6127
6012
7913
-97
8806
4681
-1805
4987
-7356
9946
-8228
-343
-1062
8431
-3660
-6861
1132
5071
-9646
3599
-3019
-2384
-631
9606
7086
7449
3841
-1864
5879
-9412
7133
-2314
4134
-804
-802
-8107
-4023
9555
6899
-8002
6542
-3968
-6708
-7532
-7579
9862
-8844
3324
-6463
9916
-9155
2950
9941
-1614
9288
-256
-2503
-8360
1839
-4887
-5668
-1008
2793
2819
2367
3476
9419
2324
7473
4530
-3859
-8595
-6614
-2008
5743
4168
4511
5701
-549
-294
1790
-3156
6901
-7822
-8285
-5894
-8631
-9364
3753
9731
28
-8148
-1118
9727
2337
2025
606
3309
674
1745
2823
-2733
-76
-1594
-4008
8043
-3383
5582
1953
7869
5325
5263
-416
-7346
-7835
133
-5612
-2900
6620
-9101
1457
2977
-3995
-6242
8854
243
-3946
7344
-3864
-5988
-8873
-7531
-213
9351
-4518
-5375
-6782
-9773
7107
-4195
5744
4246
-7382
-7063
-4490
2677
780
-7354
-1593
3971
5376
4541
-4228
990
-1425
6813
6682
6075
9200
-9465
-5774
9146
8513
4766
-3428
521
-4991
6759
527
-9453
-9535
3391
3593
-2798
8648
9212
548
-2096
1317
-8871
-7319
8424
6381
-8061
-4761
940
-9711
8811
6926
7479
-9608
8862
-5239
2679
1493
7355
797
-4000
4209
451
9916
-1179
7529
5833
2691
-4625
3522
6615
6949
6697
3587
7522
482
5030
-4786
7894
-6708
-3358
1090
6543
4841
1206
-2233
-4171
-3011
3147
-8287
4788
1507
8642
-7819
-3789
-8322
-4661
-2182
-8527
-5257
8882
6986
-7393
-544
-7371
3770
7130
61
3626
-1854
-1274
4923
-9412
-9713
3627
4361
-5342
-2093
-3364
-1810
-9565
-8363
-4500
2709
2334
-5757
9447
-6773
8343
4365
7609
3015
-9302
-8712
-3997
3269
-3933
1202
-271
-3608
3809
-2985
-2584
7363
-3453
3750
-3812
-5769
-3726
5645
-4212
-2003
-7506
-2026
-489
5469
-9836
-7362
9828
-1534
-1356
-3928
4454
-1583
-4182
4123
4976
9617
-5051
9707
-9581
5653
-2314
-1501
-9972
6952
-7849
-672
-5694
2273
-8751
6438
-5874
-6697
-3229
1659
-5961
-4231
-5960
3027
-9013
-3615
-548
6811
-5814
8892
-6238
7043
2120
-8013
5445
7049
-9788
2471
5566
1097
9328
-1503
-9593
-635
-9441
-5816
7986
-3412
5188
-4319
-3712
2201
-2371
-7829
-1960
-7384
7351
5760
2098
-5151
-1628
-8093
-4017
5389
-8248
8641
7172
9948
-4664
5864
-5819
-8128
-8516
-3702
-4839
617
-2156
5027
5722
4511
-2007
-8128
-9840
-2368
7387
328
151
9082
-1899
-4657
-8631
839
-7250
5686
-1456
-6364
9749
4307
-528
-44
-3022
-8459
-4910
9826
-8980
-6958
-4815
1206
4549
-5174
-9580
6411
2531
3035
-7660
-9411
7528
-8977
-2198
4066
-8217
5949
4985
4890
-2721
-9242
112
4652
6405
5663
293
-5029
-3599
-9559
7435
-8059
-3547
3906
4088
7815
3867
-5239
2071
-3890
7246
-4469
-7649
-5571
-7114
3183
-8920
-1509
5327
-1019
8712
1250
-1720
-5120
-4468
-8393
-1137
9209
-1934
-9417
-9460
-6498
-6280
4324
3416
-3702
3120
-3765
-6137
-6347
-6288
-9732
7831
6350
2146
7240
-2374
-7525
-1472
2045
9851
-6577
-7274
1460
552
-9306
8214
-7247
-7307
206
-8455
6043
6764
5539
-1464
396
3192
-3603
649
-7379
-4413
4281
-467
5743
-8378
6247
-4700
6853
4269
-3308
-7382
2431
-9507
1578
-7132
-1772
-8304
-8425
2706
-4554
7336
-9481
3434
-1294
8299
-7840
343
-1705
4030
-975
5488
-5610
3873
-9218
-8110
-5641
1419
3236
750
-9856
2108
-3498
819
6494
4908
2847
8628
657
8078
3610
-1151
-1893
5310
3460
-6887
1335
833
1908
4103
1381
-5008
-4520
-1491
-2653
9206
3396
8818
2891
-2401
-669
1912
5768
-9218
1187
5748
5047
8312
-9554
8170
-8555
-8924
2245
-206
3417
4300
3804
9601
1175
-529
7459
3164
8759
2958
7634
1303
-4831
1297
-1137
128
-8792
6168
-6639
-1193
-1392
8613
6068
1367
-5060
1557
2761
-4116
-6535
9106
-2612
-708
1939
-9551
3546
-5619
79
-4608
-5853
3677
-3105
-8168
1034
1828
-2811
2861
-679
4664
-9340
3029
-660
3208
-5294
9372
-5731
3910
-4547
-3978
-171
-9531
6627
-9682
6555
2527
-3083
-7358
2422
-6091
-6629
6924
4248
8829
7108
4681
-3020
-4547
-5186
2885
-4941
4180
9892
6855
4276
-7429
8489
5718
-9546
430
6593
-9151
-5708
8953
-6165
3491
1759
3124
-187
-536
-8266
5276
2252
-1129
-6716
-6882
-2968
-9979
7751
9124
4110
-5277
-8770
-3110
-5439
4577
-7411
719
788
6202
-9543
9213
4196
9944
-6199
-135
1758
2998
-795
8633
-1959
-9336
-9715
-9556
9022
-7217
-9379
5993
-6792
3955
6106
-1483
-6358
-9786
3525
8023
9635
-3357
-2387
9570
-5067
-3679
7817
-915
4775
9220
-4983
-5397
4609
5104
7400
-8833
-6901
-7328
3193
9164
-5183
842
-7038
-9235
-4904
-9801
-6959
-414
1165
4360
-8451
-290
3702
-7738
3676
1416
1887
3510
25
-5783
689
928
-6197
-784
-8499
-7441
-4254
-2677
8653
2865
-703
-4484
-5762
-687
7031
3238
-8558
-6656
-1061
7827
1975
8526
-5653
-8403
-3555
2897
2657
-4253
2220
9653
-1300
-1381
-2000
7250
-9426
-5273
6040
4855
-3713
5766
-7260
-7858
5678
-4492
6567
8907
3647
-9163
-7384
-6363
1742
4994
9911
5397
-9126
-9663
9338
5068
-835
8138
9281
4913
3808
-3688
1306
921
1610
2599
-9634
-4080
-9668
5559
235
4203
-8695
1354
-1551
-4757
458
6708
-1720
-7523
9963
2546
-483
-1573
4021
5373
-9466
-8734
-5368
-7740
1141
-7005
-5189
-3095
-3944
-2882
4904
6602
6781
9510
91
-440
7036
3806
4848
-9504
-7502
-238
-9877
-818
-6840
4566
4628
5809
4353
-1427
9595
9360
-9399
-2024
78
6029
1928
5250
-2404
498
-7051
-4775
6502
6106
3779
-4262
1891
-2705
8956
-1651
9390
-1105
5823
9393
5799
-1863
-9994
6630
-2443
-6681
-3764
-2652
-2116
355
2672
3644
-7626
5169
-5711
-5244
4057
5863
-5485
-9251
966
-9995
9417
3764
5916
4225
-2315
-5658
-6747
1023
3838
-8154
-4928
-3567
-1900
-1307
7528
-162
7967
-7200
-9874
2397
8857
9102
-3600
-6
6664
-5298
3872
1885
360
-9960
-7595
5504
4550
8681
-4245
-3858
4637
4715
6275
-8686
-5690
6272
7216
-562
923
-3172
1860
184
-7704
9087
-5035
-9763
-644
4930
2591
-2969
-6053
-6433
-1915
-9005
-3369
3919
5716
-4823
-9679
-5378
-7973
-6172
1690
-4450
-451
7174
-1130
-9883
5922
7636
-2109
-4651
-3346
7929
8523
7789
5161
2436
-4533
3139
-7884
4082
-6316
-8353
-7345
-7689
6925
9054
-499
-9092
6076
-3979
4902
4586
-9835
7899
-5738
6267
-6279
679
-5059
2405
4303
1756
2966
8789
3659
-925
-9044
6075
-7675
-1080
-7668
-3733
-6523
5371
2054
9429
7852
-5901
5585
5454
8723
-3274
8137
9714
-5908
-4746
-2093
9699
7190
-104
-7540
-5598
-9568
-1209
5817
1186
6939
-7742
5067
4807
-5059
4618
-4182
8557
-946
-7498
5506
-1638
-1727
4773
-2628
-9012
8344
-2333
-4251
2448
-3733
6809
-2453
-4683
-1949
983
-4645
1504
-23
2805
-8497
8857
9774
-5116
8117
6142
7258
-8581
-4653
2918
1531
-3695
-6233
-6807
-5414
353
1357
-2050
8074
8775
2303
-2594
9602
3669
-7430
3069
8140
-7232
-4729
6465
-7512
-2179
-8286
-9537
6628
4229
1515
-4537
1959
362
4405
7175
-2225
6935
-8644
-7118
5346
-9422
-9914
-2977
-8295
1914
-8904
1135
2017
2035
1203
3482
-9612
216
-7855
-4901
-212
-1262
-9221
4832
7087
-9076
3078
1006
-6160
-8833
-9522
-1699
-4381
4326
-5569
-7763
-3658
7060
2628
8993
6632
3232
4382
391
6276
336
-9094
841
8946
-1400
8554
4084
-6257
-2372
7012
-3954
-2474
1688
8304
3931
1759
6912
887
-6321
-5461
2392
-8787
-6269
9569
2981
6875
-1531
-7939
8155
5964
-2523
4971
2830
4656
1330
2483
-67
934
-7295
-3456
-6527
2867
-3830
7322
-3971
-2336
4135
-9941
-5063
-7877
-2407
5681
2344
-3470
96
6418
-3112
2989
-2663
3067
-5385
7918
-2864
219
1085
6246
-959
6116
-1060
7831
6450
8546
8861
9959
4397
3891
9967
-2752
6604
-2337
-1201
-8541
468
4754
-8332
9164
-4909
-2202
5107
-5496
5879
4580
-1856
9206
89
5639
2378
-2185
3427
-519
7315
-1999
3453
-6387
-7249
-9450
9747
-9015
-3717
2849
706
-5926
-1287
-9337
6590
-6946
3042
2473
-8599
-8747
-2239
7653
-4642
-5562
-3077
7037
8570
-6571
-5935
2311
-8245
3295
1123
8420
6286
3032
-3996
8113
-3237
-1194
-7000
8686
2644
1047
9747
-9101
3494
442
-5648
6574
708
-93
6334
6468
9065
-8293
-6560
3920
6110
-3332
-8961
-9275
4358
2665
4594
989
-1864
-4814
176
-3564
4299
-6886
-9493
-8511
9093
3757
-1728
-325
-2271
9997
-3500
-6488
-9844
-1378
-5366
579
-9479
1652
-6866
-1975
-9737
-7714
-989
-1798
-1808
9696
-9845
-8161
5396
857
-6916
4937
-170
-3265
7031
-4043
-8349
-5393
-2265
8912
5879
-2660
-5645
-6633
-4108
-532
7575
255
-3630
7387
2806
5676
-7090
-5706
-6181
3085
-5439
4869
-2277
-7170
3230
7379
-2703
-2502
-9028
387
-2453
-6238
2626
-3745
-9865
-6785
2204
-5238
1993
8584
-4196
3617
-6557
4745
5764
-1040
3833
-8104
-2928
8735
-1440
-3493
2478
-9277
5487
-4748
-7779
-5170
7205
-5784
-1404
4987
-9656
-8657
-7971
-7682
-314
-1140
1815
-877
-2728
-2247
-1877
-1712
-4859
7080
-5768
190
-9696
-8128
6624
-7385
992
-1279
-8222
9616
-7825
8396
4056
-2734
5708
-528
8013
3415
-7258
-4722
-477
-2227
4523
9987
-9466
-8315
-9831
-5886
904
2482
-2777
772
8896
-522
1371
-7618
-1679
4706
-4746
-7483
-657
-9958
8871
-9348
-2433
-5992
-3215
-7191
-8539
1726
-7998
-8402
-6696
2744
681
-3881
7128
-4030
-9844
3999
3394
8392
2837
1777
-1960
8690
5691
-5716
-5872
2393
-8747
428
-6735
-7648
-4773
-34
3749
-3526
1333
9903
-7826
-5605
6171
8799
7601
9696
8559
471
1894
-2272
-4094
6246
-8906
-5398
9177
-6887
-4087
-6854
2786
2673
-5228
5511
-8707
56
-8320
8166
8578
-6105
8093
3050
-1334
-3970
9635
-7930
-7404
-3117
9702
9663
-4369
-1354
-7759
-7112
-4331
-6767
-2798
-5527
-8857
135
-7585
-9952
5493
-8753
-9091
7467
5967
-5329
-1937
848
-1405
-3178
6668
6930
8050
-4203
976
2361
3284
-4743
7193
7582
3073
950
5962
-9550
-8756
-7940
9606
935
8300
2352
5406
9470
-9297
-3215
-2160
4176
-1231
-6031
-7319
1137
6360
-5789
5774
-1763
5788
8601
3918
5112
-5793
1264
7196
-1918
-9789
2231
7971
-6152
-9310
2641
-2212
-2459
-3639
8704
-2152
7316
6204
9935
-3148
-66
8011
-3648
-7917
582
8054
-2396
6620
-6061
9759
-4006
9745
-1928
8697
8362
-246
-7079
-4627
9853
8238
-5916
-8034
-9340
-4434
-4464
-3011
-6147
9611
7197
-6420
2403
1676
-5439
-9805
-6158
4915
4748
-4447
4345
9886
-9769
8844
-5404
7963
-1337
6070
-5058
3988
6640
-8309
-4992
-8861
1315
2251
3232
-2951
3394
3016
6068
-3462
-211
1326
-7006
1705
-8292
-1117
-3375
-3285
9824
8715
1137
-4157
5971
1976
4366
2721
-6417
162
-4817
3383
-9860
7814
6680
-6996
8400
4290
-5550
271
5582
6834
7011
-6621
-7909
-1261
-3494
7488
4234
-7810
1735
-6886
7724
-5811
4409
-6690
8513
-5349
-4249
2234
-3340
-2477
-8892
-58
-21
-9928
3731
-3494
-7615
9057
-2907
491
2033
6394
-8502
7521
4773
96
7572
-1767
9425
-5562
-8187
-2501
9393
9185
9409
4900
-9450
-4173
-2445
4092
8892
1899
-4699
-8940
6326
-2588
3621
-5845
-9927
-1635
-2668
7848
-2644
-3057
1396
-9776
6589
1624
385
-4516
5890
-8671
2189
-640
-9059
-2762
672
-5207
-2746
-2772
2475
-5833
8005
8741
-9502
5961
9911
857
1177
-6699
-6727
-1623
-2825
-4040
5787
-2776
5253
-6977
8170
-525
2653
4553
8065
4128
-8186
-6459
-5972
-8471
-1776
-5020
-5195
8353
-6482
2407
-1992
-1677
6092
5454
1933
-3056
-7870
6505
9494
-8870
-6406
1944
-1705
-2896
-9440
4214
6820
9417
-779
-4924
7510
8564
842
723
6224
-5476
-370
-3482
5806
3507
-3409
-489
-4392
9424
-6820
4216
464
-8163
6783
1578
-9910
3860
-874
-2285
9317
1231
-2547
-6412
185
-9650
4859
-6854
3289
221
-7232
-5521
-313
-2830
-2283
8462
3293
-4685
-9576
-1985
-8070
8503
8166
7234
2028
-4137
2496
837
-8451
9839
-9189
-5864
6583
-293
-5424
3070
-9859
6502
-6392
-3872
-9278
6454
8151
1437
2615
-9786
-9873
4154
3292
3934
9368
242
5131
-772
6344
-7446
5293
6251
-2638
-3193
4141
4148
5027
761
5196
-1909
8255
4504
870
5475
6216
-1017
-7092
-1325
3426
7477
-1171
8517
4713
6541
1185
-4445
9912
9451
2302
-6885
-9059
2260
3090
-6587
-1585
4952
-4391
-8197
6277
-6065
4314
2804
-8195
-3688
-2364
2302
3982
-2614
-8197
3406
-4722
3247
6058
-9947
3193
7748
3536
-7757
6713
-4270
7420
-815
-5670
7820
-3931
3268
6688
5010
-8197
-6082
-2596
5353
-5774
8899
-6492
-237
-8778
-3967
-7
-8637
-3815
-6964
7608
-9086
-9918
966
-2391
-5081
8392
2064
-1089
4900
3371
-468
-1653
-3292
4669
-93
6370
-860
2099
-2164
3180
1936
809
7611
112
4152
1543
4453
-4406
-6766
5612
-4887
-2383
9007
-9331
-1831
1910
6028
5958
4418
-9491
-2985
6852
7807
-6248
7826
-8975
587
-3412
-8034
929
-9001
9619
9692
4788
-2500
-1721
5892
2552
-229
-3437
7721
5937
-2142
-9214
-5932
728
6561
4785
2424
5627
-50
625
-5223
-6833
-8596
-6446
916
-2905
1671
2395
-1291
6792
3512
-87
-5804
8158
-5985
6165
-4813
9163
-5614
1812
1375
2220
288
-6123
-2375
-6509
-6401
-4222
-4764
-256
9900
7872
-5446
-8815
-6526
-5215
6247
-2686
-6876
3027
-7802
7039
9202
-4409
6958
-7946
3870
-4314
3296
-4234
-7502
-5192
-7629
-5515
-177
7184
7105
-462
9787
-8308
9161
1009
-6320
4218
3043
6539
-2629
-9776
-9045
-8210
5645
-5407
1355
-1253
7795
-5676
-9666
3667
-7290
-3849
1310
-3347
-7770
967
6968
4975
1397
3829
-4487
-1907
-4478
992
-8276
-6140
-6442
2312
8685
5878
4311
-5772
2944
8492
5858
-92
-4630
-1019
-1597
7407
4934
-556
-963
-1754
-9758
-9290
-2687
-6775
-7344
8758
7140
4484
-1439
-2413
4868
-1385
9988
-2579
5350
53
-4010
-8992
7393
-2258
-9481
-9784
-7256
-8604
2249
-1375
-5796
1016
1255
-1427
-6290
-9969
-513
7604
-204
-9482
7206
-7821
6957
-8503
-5842
-9863
5843
-395
-1309
922
2159
2461
1563
-3257
5143
-937
-200
5243
7640
1409
-237
623
5203
7209
-6062
-4691
9270
8647
-9990
-2198
4953
-2139
5394
-7460
5406
-3262
-9687
-4786
-4380
1520
-658
-2783
5569
-5513
-6898
-2766
1626
1133
-4218
-5704
1257
-4591
2789
9022
2820
8462
7421
9530
-3917
8316
-9599
-4446
-7962
-2468
-1296
861
-818
-1682
8965
7878
-2672
7735
-58
9082
5935
-4740
8970
-7151
-9186
1578
-4775
-6540
-6346
6970
-8907
-199
6105
5014
4977
7619
-8130
18
-4324
-3056
1557
2760
-8843
-2738
-3436
-1085
279
-9820
-9092
-5194
-2418
9777
3449
-3642
-5495
-8787
2707
-2372
6343
8929
5523
7647
-5424
-4290
6733
2840
-7833
5942
6669
-5756
-9481
5526
9603
641
-2329
4516
5573
1163
1202
5203
-7607
-418
-2593
4891
-8955
3269
4830
-5394
8032
7900
-6861
-884
-1773
5389
9833
-7891
5234
-6767
-261
9843
-2347
-7869
-6759
4572
-8255
6611
-920
-5099
286
9886
393
-2572
6158
3044
6466
507
8666
-6899
-1770
5229
3603
8923
-304
-5033
-3122
-9234
-6137
8101
-1760
-8299
-6033
8086
-2882
9147
-5888
-9245
-969
747
9851
1396
-4130
-729
-425
8949
-6959
8654
-9390
3058
-2561
6108
7497
9581
-7636
-7800
281
-7285
-6343
-9601
-3788
-1407
3768
-497
-1935
1156
4217
663
8510
-6943
4279
1121
-5587
8382
-4401
-9733
3440
-8874
3173
-8147
7979
-209
-4822
-5019
4309
2328
-9032
-6641
-8716
7223
-2105
3415
-7247
-2074
-1058
-4843
-7718
3744
3874
8070
9663
9587
6542
-6031
3673
-8863
4706
2599
-5590
9399
-2332
-727
-6498
9408
1650
-6647
7821
2978
-7503
-6386
4615
8140
5961
4258
6121
6877
-1750
-307
-3828
4385
-9639
-9343
-8410
6120
-6409
-8002
4857
2879
-7879
309
7960
-1498
9796
3255
929
9043
-2082
-4851
4247
8159
-4958
-4605
1944
9039
-2597
-2153
-204
-4335
1951
9239
6935
-5763
2972
1121
23
-7834
9829
-9113
4302
-3456
1550
-3585
-5186
8068
1337
-1316
-7436
-9942
-3868
7293
-1579
4235
-8000
-1668
7170
8754
-4642
7602
-5658
-6201
1077
-1797
3706
1064
-6222
4836
3977
-5687
-8323
-6352
-5389
1437
-3095
-2490
4486
-5802
2965
-6009
-9124
-4157
777
-1406
-8295
-353
-7312
-5525
7816
-721
9733
-3844
-1144
6102
3691
5339
-5518
-8789
-5263
2900
1467
-3618
-3250
7122
2003
-4121
640
9030
-6264
7909
5739
-4039
5131
-2806
2341
3488
-6047
5878
3425
6105
-6541
-9641
-9711
8866
1831
-3775
-9966
2749
6726
1660
-1754
-6954
1329
7369
1721
-5659
-8991
4087
-8721
-4596
-5673
-3887
9835
7663
-3705
-3469
5462
8460
2371
7891
7969
-5047
1734
-3797
3180
-2881
-7979
9037
9804
-3437
6979
-6627
6137
-2215
-8092
-5146
7375
-2217
-8467
5706
4721
-597
2844
-2602
-3215
5437
-6253
-5513
1175
6507
9778
-4350
-3506
-3428
2321
-5802
-5377
-2018
5500
8566
1628
7500
6748
-7963
6568
-3596
9349
2984
2538
2060
-6135
-6993
8855
5763
-5552
7614
544
-6636
6619
7836
-8558
7349
5578
228
8909
109
8482
-2073
-2781
-2655
2671
-4169
-6805
1774
-5574
-636
-5746
-979
1558
-3963
264
-1139
-9974
4565
8588
-2333
-3641
2482
-6925
-9959
7869
5418
-9168
-7395
-7870
6954
-3640
1040
2014
6969
-7107
-8033
8940
3290
-9784
-4182
-4300
-9002
7565
-3899
-6325
-4753
3598
434
299
-4168
-914
9334
-4623
2699
9052
8121
-9803
537
3968
8341
6552
3129
-8432
-8734
3292
4116
-1653
8836
1102
-220
7049
7731
-6032
-1740
-8604
9420
342
3367
2924
5071
806
7896
-5268
2454
-6717
-5886
7332
6530
2886
5350
2910
-5591
-9720
-9
-9766
9569
-3241
711
7332
1920
4920
6205
-1048
-3019
-8601
-4332
4144
4211
9178
1713
-2007
-3842
9015
4554
-7065
-3712
7424
2020
-6323
-2167
-542
-1886
-100
5138
4778
-1690
-5681
-1041
-1782
6611
1181
-2425
-365
-1018
-3425
-6153
-7074
8256
-1856
-3648
-2077
9083
7873
4279
-9646
-1437
992
9053
-4791
-7179
9074
7567
-7851
4727
3532
8762
8654
5533
-9992
8251
3116
-8925
1854
1029
2296
9294
7620
5930
-716
4189
5143
-8183
-9436
5252
1326
-4962
3295
6863
4460
3907
8287
-8786
-6158
2179
-3240
-7101
523
-6133
7215
2447
-6270
-4974
1217
1459
-3898
-9839
7825
-5176
6052
5823
-7515
6528
3580
-2044
-5712
4928
-8336
5275
-3563
1762
-8565
4944
3709
-2765
7923
4198
1671
3205
7529
5373
5144
6460
9037
9478
-3941
-5275
826
-9547
5428
1802
4954
-3083
270
-7860
-5595
1798
3952
7916
3893
-514
-5109
-6566
-6887
7619
9432
-6181
532
-6343
-642
9464
1466
1478
673
2467
3093
-9076
-6552
5077
8845
656
6027
-7077
9371
-3490
5378
4484
7731
1272
9101
-1585
-3135
2888
3237
-1543
-8727
3924
7499
8954
-1572
-7738
6078
-1444
6779
-190
7396
-3760
-7933
6816
-2570
2172
9692
4235
9834
1301
6579
2437
-5902
540
6248
3367
1704
-6086
1126
-535
8014
4995
-1761
-1529
-2477
-691
-3899
-4356
6801
-5401
-4641
-5203
-1647
-1287
1303
-5168
3593
4126
5570
6986
7688
6801
6505
9227
-3574
-3038
-2827
-5560
5056
7933
-6855
-2467
3013
1077
-2527
5981
6092
6744
-1715
-1977
9541
-9627
-5554
-1446
-8162
-2259
-3034
1465
-6709
95
2294
-5768
6234
-9202
1020
528
7390
-1307
5893
8012
6230
6559
2916
-3407
-4181
-8416
-659
-1776
-6086
3782
3437
6995
9422