7485
7679
8494
1718
6550
8988
7024
2368
1537
3827
2846
6639
2323
5105
4127
9410
7003
8080
6715
5639
2580
7153
4284
9452
4382
6868
6719
1744
5165
6457
8324
8287
8532
3358
8378
7402
9387
5926
5045
4928
2928
9059
2526
9021
5615
4603
4346
4953
2001
9608
7946
6523
8326
8447
1389
8173
2073
7671
7931
5593
6658
5208
5713
6038
7351
2328
3971
1072
2084
9368
9355
6262
1203
4557
8728
4054
1008
9167
3490
3893
7296
8277
1055
1850
7402
5460
7108
2461
1820
1858
9464
8602
2573
8105
9817
4161
2603
7383
1847
3315
1681
8180
5772
2654
6851
1181
1996
2506
5976
2364
9885
8753
9515
5057
1062
9787
6765
5421
5970
5794
4472
5618
2572
4625
7349
2392
1819
5951
1270
2140
6415
9702
9574
8008
9718
7019
2040
4665
3945
7511
2338
1540
2356
8694
9589
8024
7909
9515
4879
3717
6856
1540
7474
6196
2974
6442
2102
4927
8662
2091
2021
3809
3007
6100
2013
5879
9689
6231
5523
4728
7678
6678
9977
5575
4934
7596
8443
5404
5888
9106
1015
1588
4454
9975
3269
9646
2808
2670
4669
8194
4577
2301
4774
3363
4112
3602
8005
3097
2289
9383
4027
5504
8336
1140
3343
6079
2672
2700
8267
6582
8613
5543
5000
9500
3767
4630
4952
3440
9410
9580
9766
8180
6725
4887
5722
7802
5699
5883
8778
7805
4745
7255
9103
6100
6262
1348
4148
5017
3629
9356
6727
2250
7728
3065
5219
4672
5081
9470
6918
4027
3954
5685
6219
2786
5621
7587
4948
9985
1365
2934
5467
8734
9079
7714
7539
7946
6734
5034
7034
5852
5273
3995
4298
9753
1146
7312
4619
8905
6281
7379
6033
6739
6237
2231
7733
3622
8203
7449
4521
1372
4897
6952
2071
5409
1377
8115
5103
4993
2839
7989
5725
6600
9076
7000
4269
6229
2327
4028
6720
7281
2353
3738
5375
9617
8407
2199
8132
1502
5256
6320
7657
8630
4277
6944
1093
5394
1963
2117
2317
8324
3419
1933
7498
5087
9454
9893
5448
2788
2657
3888
5101
8077
3068
2331
6375
6923
8306
4460
2839
7610
9191
1171
3551
3485
8251
6260
6996
3250
7351
8954
4090
5604
2603
8914
2950
9637
1674
2015
5392
1248
6004
7592
6407
6500
7447
8337
9598
5784
2005
8950
1330
2296
2836
3442
4709
9165
5908
9227
3979
3924
8566
1425
5003
4088
6232
6057
6834
7204
7830
5359
7118
7417
8583
3774
6723
6019
3268
3742
6886
7203
7747
1482
1505
7607
9717
5018
8070
9404
4947
5273
3337
3368
5840
6803
3856
2433
6170
8235
9780
6651
4982
3838
3046
7281
4338
8824
7158
8177
6679
6803
7757
8020
9710
4418
1367
4581
6009
2213
2333
3393
4393
9904
6171
7342
2472
6217
4051
9529
4433
4755
6286
8895
5596
5709
2901
9360
5806
5014
8336
8448
3579
2343
6897
2561
4401
1495
4278
3664
4784
5483
2428
4603
6419
6810
6334
1928
7759
5989
4099
3877
8692
4156
2791
4317
1036
2093
9809
6082
9645
3162
4757
5298
6851
4308
4371
2694
6240
6103
8700
5539
9230
7828
9732
2717
8967
7017
1146
9925
7075
9316
2378
9377
2565
7624
1408
6198
1749
4234
8429
1751
5929
8592
6219
3738
7051
3193
6023
9359
3837
5940
4622
8598
3440
9475
3868
1728
9707
2585
8900
4396
5424
6288
6286
3984
3273
6144
6145
8222
9388
2487
1413
8272
3502
2381
9329
1867
5734
3378
6979
4064
7207
4459
2324
7272
1195
4235
4869
7334
1175
6220
9329
5256
1873
3722
8169
4433
8421
4679
4261
2488
8147
7806
6698
3979
5940
8293
2117
7143
9458
3168
3091
8561
8808
5216
5076
3586
8005
5241
5610
1668
2046
3774
8023
4108
4251
2102
4200
9263
1287
2024
6012
7328
5835
2843
6264
3127
6891
5129
3420
2780
3868
8382
9992
7609
7837
5851
1339
8403
5238
9132
9004
7773
5464
4627
7711
6669
9193
2670
7379
5969
6499
1345
9817
9211
5442
4964
7980
3106
8604
1826
7479
5760
1265
6376
3308
1033
2344
2869
3618
1918
4446
2647
1364
6843
1363
8971
3358
1125
6648
3503
9025
4049
3125
8740
2036
9735
2229
5013
9612
7609
4025
4513
2055
9302
7443
1018
8761
7933
6913
5526
6699
4203
9361
9154
3887
6991
5636
4670
2246
9059
9887
1137
8497
9560
9117
9929
7704
9364
8266
8379
1164
7611
2699
6593
6714
8690
5177
3886
7325
8980
8985
4530
2795
4363
4769
8692
9416
9733
9668
8662
5510
7282
8211
1111
8088
3752
8663
7355
4062
8297
1029
5266
6357
5725
8616
7612
6605
9455
4909
7269
7747
5241
1732
6001
7426
7759
9850
4250
9664
3779
7912
7285
8749
7803
2171
3671
5489
6312
8916
1216
5412
8285
7311
7093
4123
2769
5978
9698
2878
5401
7823
3268
2539
8508
8149
5623
5483
8982
2413
3003
6856
5809
6292
8874
9150
3650
4691
6780
7225
4851
9875
5504
5293
5263
4743
5256
4157
3530
1579
6889
4967
5667
1713
2199
1382
5520
7686
2464
9024
2214
7947
9870
9819
7596
5918
9020
8815
4607
2489
1119
8868
2741
9027
1600
9289
5475
4079
4960
6277
4265
7744
2946
4126
2369
8697
7338
5886
3028
3791
8133
6987
1907
3331
3608
9818
6157
1431
9425
1201
8731
7617
4744
6838
8218
3030
1640
7870
4304
6352
3137
8656
2321
3409
4477
5133
5672
4072
5445
4776
8678
2901
4248
8598
1749
9155
3621
4595
1024
4110
3445
3810
8867
1487
6358
7460
6110
6318
2825
6087
4164
3675
7366
5239
5492
2412
7206
6279
6716
7321
2422
5221
3329
1928
5939
1841
8481
6325
8778
5384
4724
2262
1813
4649
7256
8437
1886
5015
6545
2436
2085
4947
4004
1454
1697
1173
6646
3065
2753
4342
6674
1689
3824
1995
2236
2200
6530
9831
6661
9066
1072
5088
5845
3785
2554
9408
7851
8886
2872
7234
2938
8846
4725
8689
9609
8578
4187
2998
7161
7809
5786
1403
7157
4967
8910
6216
4588
8935
8282
8713
5461
5819
5316
6123
8334
3974
5279
5935
9137
2444
9285
2385
7728
7808
2441
5518
8181
4956
3558
5829
5744
1510
7094
3063
3724
4689
1520
7314
2049
6236
4959
2529
5703
5101
9609
2051
1695
2183
4874
9724
6422
6455
9810
1219
3864
9729
9868
9185
3434
7924
5888
4580
7069
5732
6006
9186
5131
4408
3461
8093
1113
1062
3361
9468
1107
8902
1805
7314
4558
4323
5175
2580
5236
6391
5873
9847
5204
3214
2283
4849
8822
1693
1382
6437
6882
6039
1211
7405
9826
6040
6343
8600
5116
6357
4780
8461
1845
8908
7129
4629
1535
6810
9291
3991
4689
8117
6782
6965
6693
3651
3473
5485
5918
1190
4720
1579
1065
2409
5415
8575
1535
6878
2251
5767
9891
7419
4120
3352
4222
7933
7639
7658
3242
8158
2291
1996
7577
5490
4259
5348
3828
6927
4809
1499
2357
9959
7579
6296
6812
7894
3270
1825
6286
9313
3731
9972
9889
1049
6688
2729
4070
6553
1289
9364
3242
8636
6750
1907
7130
8091
3620
3538
2514
2587
5441
2449
9369
8891
7636
1307
6832
6284
1884
7047
6048
6258
8775
3368
4647
1172
6586
7844
3111
6272
7750
3780
3952
6851
2690
9395
3260
4940
7117
7081
5270
8995
4750
2516
2359
4598
8926
6991
7836
7136
6925
8629
1980
6852
1652
5721
7982
8432
9062
9048
4156
3815
4078
7571
7410
1708
9104
2159
4061
4621
3128
3156
7471
8826
6106
7680
9055
9048
8068
4107
9321
4114
6378
1526
4680
7957
7559
9986
2000
7345
9146
2130
7041
4990
4236
2163
9656
8910
2392
6130
1897
7330
4592
9583
5239
8595
6349
3662
8206
7073
7105
8093
7280
1777
2402
7371
8357
6772
4555
5514
9474
7884
1937
3062
2210
4109
2902
6394
6799
2229
6311
1219
9863
2179
7108
6488
7160
1265
5647
1810
8250
5552
8130
9048
5554
3731
1709
3474
1054
9179
9478
8382
3303
2885
3076
3368
7328
7647
2911
7126
7076
1847
1056
9815
4525
2177
3112
9294
5963
8087
3969
5188
7878
4154
3348
3821
8837
1971
1153
3232
6323
5163
4415
7277
8688
9544
1143
7266
9688
6078
6102
8358
2982
7438
1596
6347
9186
3351
7057
8325
4304
4360
7255
5252
7842
9483
4707
1383
8810
6182
9094
9465
1546
2535
2317
5269
9431
2853
1995
4039
8067
3085
5025
7299
2699
1665
9316
3871
3735
5129
5892
7535
1147
8496
9951
6530
1688
9240
1060
2777
8339
6289
2234
8589
3811
8516
5259
5016
6342
6522
7738
6332
8077
8262
4898
3228
4941
1580
7398
9471
1497
2997
2244
2049
8197
5424
2646
2563
2624
8816
5672
4489
1983
6137
3866
4135
6961
7674
2252
9742
5922
6629
8264
2899
7710
5091
8100
1621
8469
1914
4631
5279
9296
2068
3106
4536
7690
8573
8571
5626
8052
8842
2775
9170
4034
3419
7700
5110
6051
9654
6057
9159
8229
9969
6795
5367
2644
3025
2063
7675
5080
7354
1388
2584
1966
5556
7139
3888
9666
6148
3797
5684
8757
3162
1655
7738
8008
1221
7974
7363
4188
2843
9533
9683
8949
5619
5478
7005
9055
1708
3122
5724
5998
9137
7631
8912
7469
4764
1691
8689
4521
2291
9378
2544
2957
3983
4961
9022
4471
5554
4412
4160
6923
7943
8476
9817
6591
9201
5443
1359
8268
1081
2386
2934
4740
6263
6777
4708
9503
4819
7846
8149
9490
9298
3953
7088
2461
9583
6087
4544
1809
5800
8158
1171
9325
6053
5722
7805
4572
2366
7410
3263
4117
5708
9925
7833
6869
3051
1918
3792
1581
2016
2068
5992
5104
7217
4654
5306
5330
3129
2921
6369
7003
4445
1034
7813
3921
8787
7636
9810
4461
5864
1843
1569
9527
3501
6912
4328
5908
5552
4961
6511
8631
3170
3844
5308
4694
3603
5342
1763
7615
4284
2288
1541
8084
9741
7885
3598
2164
4431
5285
4286
3154
4574
1104
6901
7330
3101
5807
7658
9291
9098
7331
7921
2008
9638
5490
7933
5173
7619
1699
4534
1680
2614
2705
8615
6234
6252
5817
4111
8482
5943
6898
6853
8723
2473
7173
8618
4494
8060
6485
1562
5410
4637
9712
1293
5044
1389
4443
2015
8930
4157
1732
2603
5418
9389
1485
8943
1532
7772
8663
3727
5755
6502
2601
4874
1715
1308
1714
7374
1633
6793
9385
5309
8264
7421
7329
5525
8758
1407
1036
8791
4951
4795
3777
4519
4828
5338
9976
4233
3575
9190
9473
6064
4547
6738
5616
2691
5024
6745
6948
6727
8738
7230
5341
5448
2421
6055
3901
6417
1178
8206
1411
5401
6473
9793
3524
3302
6535
6954
8509
8899
1429
8598
1450
9744
8016
1679
8234
9333
6289
9936
8923
5987
3523
8300
4673
4133
6314
1883
1930
4322
1162
3537
6172
3864
9314
9020
4302
5806
4103
9119
1753
4251
4724
7496
9537
4330
7914
6264
7049
4977
4682
1983
6707
6634
2648
2840
4142
2297
5327
4907
8229
7717
2895
1631
2187
4677
7987
9180
8144
5787
7015
1200
6142
6861
1346
6673
2524
8338
6676
2281
8129
5861
9245
6921
7263
1549
8595
9690
4017
5595
3160
1294
2508
5427
7554
1478
4557
9504
3327
1298
6662
5749
9569
1932
3951
2047
5931
5730
7382
2746
7496
4548
9558
1516
6553
7982
1570
1282
8289
5970
9765
6706
2451
2169
4957
7382
4244
3802
8843
9420
8715
7897
1512
3115
5782
2735
8565
5745
3961
5859
2233
1131
3420
5183
9629
9795
5379
6192
9873
3804
9854
2615
7048
9914
2142
5510
3643
1352
9828
1672
3276
5981
6356
3551
3673
2192
6185
7305
5895
1721
8722
5254
5454
2743
4854
7347
3450
3238
3284
6084
2725
3289
4680
5946
1682
3385
6288
3236
4855
6317
4147
7471
7358
6305
8287
7584
7912
3755
6251
1948
6713
5458
8753
8122
2913
1215
9318
4333
8241
9617
5042
4957
4996
9402
5485
5856
2110
4192
1198
9673
7932
3003
7471
4759
8695
1172
4614
4578
3299
3037
1526
1681
8148
4823
9203
8370
3120
2925
5864
7575
2785
8608
9168
5920
9043
3810
4862
4778
1606
4874
3785
7437
3723
7422
4285
5979
4392
6925
8111
9521
6633
9065
9912
7860
6024
2942
6523
5774
5190
6100
4453
8787
5875
4395
5606
7467
5024
4506
3627
7223
5290
7615
2890
9980
4253
5807
3083
9725
6198
7862
5983
5980
2720
8754
9725
3891
9059
6462
2171
4775
6914
3657
1408
1049
8846
6252
9737
7469
3334
2479
9931
1692
4337
3509
4524
4130
8433
2608
7216
7857
1422
5762
9179
9293
4500
8096
5369
1541
5316
4427
7157
7116
4567
8479
4017
5708
9330
9159
4706
4009
6506
8514
5089
7930
2518
6176
9107
6888
5191
4317
2171
4857
1375
8178
7289
1672
4274
1321
8576
7882
7209
2990
9422
6909
5775
4099
2195
5608
5860
8167
8802
3709
3848
8757
2504
8174
9243
5758
8151
9002
7089
1882
3635
3545
6548
2362
1452
2939
2144
8365
2491
9039
1971
9722
5103
5899
3092
8213
5379
1088
2833
1543
9126
7955
2427
3515
3635
6285
7881
8213
3370
6618
4996
2242
5639
5259
5560
6199
5851
3492
7100
4247
4317
7236
5394
6125
6103
2461
7324
4256
7220
2003
7389
6466
2919
4707
2249
9549
5047
4862
1993
2884
6748
2690
5715
5545
3173
9474
5292
7063
2785
6289
1992
8778
4055
2260
2942
1106
4715
5092
1020
7607
7158
8704
9622
6093
2776
9453
4781
3719
5320
8377
5446
8365
7553
6108
1229
2835
4987
5345
5506
5485
2580
8779
1559
8962
5169
3890
8020
6327
8576
9968
9339
7767
8526
4042
1345
9725
4110
7392
9416
2898
1612
9219
9363
9558
3030
4598
5102
7479
1589
7394
4739
4989
4324
9672
6944
8303
4223
6687
2396
1271
7282
4752
7166
4571
5101
1768
6182
7116
2058
1189
1096
2578
2966
1044
1217
8919
2635
3763
7142
1814
1100
3739
5067
4185
2772
2055
5590
9106
2705
3934
1644
5235
7643
2587
2525
9076
1812
3606
2921
9563
1720
1273
4490
4550
9293
9989
4909
3407
1451
2081
7774
3980
5109
2903
1345
2233
4880
8543
1633
8870
7867
1699
7929
1432
2758
6065
3705
7488
8875
2499
1730
6877
4970
9825
5403
3660
1668
7134
1819
2766
7166
5485
1070
2861
7489
3452
5033
4236
5470
4214
3028
2882
3393
8654
1550
5020
6695
8193
6397
6668
8406
1320
3037
2213
4173
6373
9227
7597
9280
3334
7145
4401
3660
5253
6461
4925
7443
6024
6732
4652
3600
8723
2867
7177
5350
3936
2649
9613
3164
6284
9177
5431
4311
6019
1995
6741
7021
3739
6306
6305
5935
5899
4883
2462
2187
7329
1789
5145
1228
6977
7334
1162
7882
5179
6848
6357
9645
6240
6456
6617
7256
3592
2919
2272
4552
7055
8096
5315
2607
9661
7916
2574
6546
7653
8988
3722
2853
4593
2318
8909
7527
3280
8618
1372
4164
6400
1862
8014
7269
7383
3002
2029
7372
9782
7179
1710
9703
3381
4799
1071
8814
7002
7075
9734
2357
4099
8527
6291
6033
7082
3924
3645
4073
4208
4479
4958
8199
9969
8554
7571
6056
2482
2481
5245
9251
2862
5340
5205
9004
2809
2326
8600
8334
8582
2612
4263
1336
7226
8058
5253
6213
8785
2864
9681
9277
9239
3958
6524
2033
6306
8457
8944
4984
7992
9114
7552
4314
3492
8881
8696
1255
3726
3592
8876
4196
5696
7368
2931
5262
1010
3036
5848
2927
9733
9521
9852
7313
5494
8841
7991
3107
1846
7936
1944
4245
2145
6762
6524
5177
3584
1757
1084
1622
7497
6959
7497
9829
1890
1374
9935
6221
1826
2951
4488
7716
2779
4397
8818
3684
1225
1306
8343
9677
1798
2396
2406
7286
2272
9946
2504
3825
6971
8836
7440
7829
1839
3950
6795
5932
4983
7628
8890
4213
7791
2217
4078
6869
5612
5177
9797
6315
8744
4740
5067
3333
9542
9375
5628
2259
2454
5463
5118
3496
7688
2035
7496
7137
6628
3200
9782
8336
3712
3495
9094
7326
1685
3873
6685
6719
6359
4045
8607
8084
6260
2125
4641
2174
7313
7791
2850
2804
5509
9936
4156
7137
6754
7951
2431
9112
3293
8624
9461
2979
2404
9312
6942
4053
6474
6662
7017
1114
6216
5517
1286
5367
6753
6509
3208
6259
9938
7873
9905
3478
6566
6966
7535
4049
1737
5457
7266
4868
9157
7747
9284
6434
7493
8277
2042
8418
5945
3366
5251
5537
5249
7408
6080
9149
5938
4003
9784
5282
8630
9112
9841
7457
7498
9057
7848
4059
5765
8061
6718
4321
8082
3482
9663
2614
9537
9498
6474
7739
6958
8333
9509
7158
5500
3699
1615
9333
7651
1782
8234
3947
3876
9894
2654
1220
6352
5950
5884
7015
7986
7505
2378
6983
5898
7609
2631
6948
6306
3356
4108
3106
4692
1772
6435
7886
8860
2744
4274
2227
2229
9191
7904
5730
3914
1993
2408
2333
7546
2888
8731
6878
3264
9984
9807
6549
8161
4098
1838
4299
7240
8589
3707
1490
9803
8810
3012
8209
1128
7720
8344
9369
2998
7058
7227
1478
1743
1217
4961
6097
3751
4843
9010
6127
5119
9743
5422
3735
8948
5273
6469
3962
7867
6635
4514
6433
4856
5459
1200
9944
6893
5404
1873
7299
5544
3248
6179
6979
3053
4844
3800
1067
5587
6051
3841
4301
7590
7963
1022
5123
9938
5230
6855
9562
7191
5403
4739
5938
4224
3529
3020
1748
6531
4358
5976
2165
1446
7997
4778
7738
6157
4239
3565
3482
7488
5333
4180
9820
6769
4512
3649
8431
8350
3465
7021
4255
1868
4307
5707
4561
3402
1359
2651
3012
6137
6553
7563
8850
7371
2558
5027
2165
5651
6304
4480
7341
1271
7003
3242
4285
3833
2469
9773
6568
2780
5539
3337
7818
1361
1922
5812
9890
1316
2119
6182
9648
9352
5863
4763
9608
3477
7932
3302
8192
5788
3689
6004
2626
9616
1952
3820
1601
6686
4492
4728
9020
6397
4488
9663
4521
9939
2874
8060
3022
5603
8967
7102
5509
4444
7705
7161
7588
8709
4253
4559
2835
5457
6353
3564
3353
8489
2820
1413
6415
5981
7549
9583
5663
1969
5020
1394
5007
8909
9929
5531
3345
3356
2055
1269
4993
2597
7719
7617
6441
4074
7380
5359
2102
7544
3592
1462
6868
5376
9912
1320
3846
2449
8298
1119
7260
1621
8520
1111
7429
7821
2196
4792
8347
5147
6297
8181
2689
1742
1152
5513
9917
5191
9859
3403
1132
4672
5686
5608
9555
8487
5268
3376
9222
7778
7612
7253
8195
2347
8036
9257
2089
2483
6919
2712
5928
9259
6090
8923
8269
1325
2341
7118
1941
6284
7783
1850
4206
7251
4246
6476
4257
3615
4460
7594
3161
6803
5801
1427
6258
3940
5451
7056
2880
3582
1525
2627
6127
6341
3225
3275
9425
2383
4879
6530
6855
8516
5902
3104
2940
1984
8119
7735
7865
1483
5128
5786
3410
4949
2141
1454
1343
9854
7781
2247
9408
1456
8412
5004
3472
6228
5518
3099
7245
5132
1019
6527
7510
9486
6042
7378
3526
7889
6372
8558
9864
9442
1034
4113
1030
9592
2887
5647
9440
8620
7073
2514
5599
9241
9158
6207
8602
6144
2681
5704
2115
2527
6626
9295
8177
2021
5784
6607
7052
2314
5106
3112
4179
9096
3444
7979
1042
5180
3344
2414
3934
9542
3084
8902
8313
7384
1668
1602
8685
2174
4798
8948
3835
5167
5391
7691
1120
5049
6189
9159
2055
3538
1434
1185
2980
3475
2799
3504
4835
5349
3707
9048
7019
7879
6991
7808
9102
8116
1592
5195
1316
2295
7223
5346
2256
6555
5897
8783
9389
8737
1013
6739
9963
4320
9478
4556
7973
7699
4919
1406
4829
4400
8989
5200
5690
9792
8788
4868
5975
9510
2304
1121
3368
5609
8717
8400
8774
7289
3624
9257
2922
5914
4429
7108
8837
8092
2372
5814
7269
8772
1276
7337
7216
2273
7206
9726
3586
9736
8804
2421
6108
2454
8817
5492
5509
3263
7665
4126
4925
5384
5443
6056
4798
7646
8909
8312
1727
2068
6548
2924
6505
6967
1172
9222
8199
9505
9754
1367
2944
7724
1428
7098
5544
6510
2445
7872
7096
4451
6949
1569
5121
5130
2210
2406
3350
5385
3071
3003
5872
2280
4325
7106
7773
1813
6204
6588
2734
3852
5340
8166
9448
9623
6995
8994
3448
9181
8142
5350
7326
8057
8730
2585
8500
3320
4028
1259
9099
9695
9931
4152
6495
8889
4719
9897
5206
3691
5860
5930
8672
2937
1493
2579
9788
5191
1940
2729
8173
2059
8130
8372
5930
6997
4745
9737
5858
9475
1849
1391
4683
3569
7278
5663
4467
4540
8644
7673
8115
5257
2418
6846
6011
9127
4107
6783
2779
3384
7420
7274
9263
2778
1285
5506
5738
5997
8639
5428
3058
2906
1934
2140
4823
9448
3836
6284
3369
4103
2110
8445
2559
4756
9913
6292
9708
5969
9744
1125
5388
5511
6015
7172
8852
2655
7674
9186
8740
3631
2120
6377
3578
2725
6423
4078
5448
9795
8707
8338
2487
6323
1733
8848
5821
1111
4103
9299
8726
8377
9812
7735
4918
6661
7348
4051
2032
3020
6137
7506
1843
4422
4296
8682
4941
5084
8515
9416
8786
9750
6063
2611
1796
5158
1982
2359
7560
2600
8442
6973
7434
5254
7633
2082
5386
3059
6900
7966
3543
1166
5115
9131
9340
5481
4433
1177
4194
1035
3445
6549
9752
8761
5831
3110
4418
5010
4201
7446
8954
4635
1213
8737
9747
7499
2114
9560
8723
3592
1595
5930
7362
2242
2085
5162
9904
2163
4428
5374
9845
6554
5194
8886
8841
2735
9570
2013
3808
9180
1171
9532
2208
5832
7378
9352
1564
8942
9250
2530
6472
3510
8627
2273
4596
8734
3242
1365
7246
4615
1699
1294
6759
6085
5089
1665
6628
2674
3680
1354
2759
5301
3975
1315
9669
5015
8856
9715
2455
1423
6869
4216
5101
2936
1923
2839
7692
8766
5429
1179
9648
5390
3355
9362
1878
5621
2676
7625
7188
6336
4392
6644
5219
1060
3033
7626
3463
2372
8086
6564
3813
7475
4331
6405
3581
8845
5007
7004
1810
4401
6281
2521
4630
8493
4525
5301
8051
4643
2166
9761
1540
4687
8085
8095
1693
2262
6814
3671
7361
1198
1781
9261
1703
4400
6075
2346
9404
6561
5528
8757
1256
2416
3311
4771
3126
6229
4152
6861
1333
4168
7778
4780
4959
5302
8304
2235
1752
3212
2460
7425
2146
8054
6300
8304
6896
1840
6256
1414
8771
9807
7904
7052
3152
1263
5147
8551
2012
3498
3049
3078
9198
3528
9170
8245
4752
7454
5019
4149
4306
2709
9330
2895
2687
5422
5846
7180
2723
4357
2520
3513
5667
7295
7853
2897
5601
6408
1786
2525
9956
9675
5968
6374
8681
7003
8592
7626
3316
3914
9354
9040
4435
4266
7791
6423
3386
3372
4439
6244
2543
6218
3528
5931
3873
7407
5903
2759
3459
1539
3624
8812
7702
4213
4065
2467
4717
1738
6270
5209
5242
2659
8566
9302
7662
6323
3434
5395
8213
1377
7375
7010
3937
3682
6238
1657
7257
8946
3497
5127
5347
4737
6798
4902
8184
1888
1040
6806
7635
3430
5137
9014
7816
5132
7857
2442
8662
5434
7932
1444
3839
8678
5128
3391
3111
5022
3169
1808
3516
1034
8654
2931
6662
9235
5617
2695
4111
4342
7054
3519
6578
5108
7318
6335
8843
9287
4025
2310
9336
4716
6105
7656
3393
4853
3675
1883
3630
1564
7850
3687
1264
3488
4478
4302
5548
7840
8529
2152
6623
7259
5197
1727
9560
9881
1039
3990
8406
1500
3581
4572
2310
1633
3021
6461
2754
2468
2059
8222
5600
1445
5314
6802
7998
2858
6910
8709
8116
6499
3242
4410
3325
5601
7243
6746
9073
6008
6517
4614
6327
5526
9163
7842
8869
6353
9799
9953
6921
6518
4016
6765
1945
3423
1180
3804
4552
6159
3046
2252
4581
8878
2820
1221
5971
7818
5317
3405
2899
8685
1432
3391
7145
9285
1106
2825
9313
5659
4856
1838
5146
2356
9210
1991
1179
2606
1076
1231
7080
3982
9440
6718
2088
9403
4235
5259
5213
5002
9659
1874
5475
4475
1034
4837
8811
1172
1152
5854
4954
5517
6117
2514
7206
8783
8191
7666
6349
2274
8253
4790
5756
4942
6632
5992
8592
1705
1869
6194
9694
8855
2738
5531
1969
9332
4914
8448
4183
1611
3183
7976
8315
2128
9954
9328
9409
9438
1282
9217
8686
4740
9341
5353
2924
5984
1425
2526
5429
8708
5627
8182
1738
3939
6384
7708
1056
6325
6340
2968
8482
6330
1581
8282
7451
5676
8327
9325
2916
1667
4145
1733
6098
7132
2609
7613
7905
6326
6276
1823
2968
1174
7814
3750
5864
6775
2817
7477
3119
4569
2304
1796
2235
3891
8054
4978
8823
8685
1816
1730
4145
7485
7437
3195
1445
4164
1838
8630
9528
6221
9596
7967
9691
4104
9576
3857
5523
8611
1961
6147
4116
4454
6737
5631
6711
1132
3902
9461
8693
8415
7165
1698
1072
9719
5447
1894
5424
8744
6046
5209
2355
5278
7788
3448
3483
7823
9468
6302
3909
3437
1689
7847
2376
9511
2504
4855
2319
1874
6941
6250
2604
4412
1607
6025
3270
5724
5377
3568
8436
5957
1820
5328
1592
5672
5139
3272
9653
7587
8670
3797
2589
9323
1967
2479
4100
5795
6665
5107
9944
3710
2739
2208
5977
3038
2480
5225
8023
8396
5854
4648
3735
3409
8687
4756
7189
7848
1292
2990
8177
9643
4575
6255
8670
7667
9411
2767
1445
1484
7624
8899
5649
1141
5407
2024
9836
6227
2368
4838
5558
1760
6032
3878
2612
6121
2509
3343
9896
1175
1963
8372
7574
2767
5891
8523
9999
1170
9143
2413
3625
6703
7422
2888
3647
7665
2248
7196
2626
2774
9751
7181
5992
9984
3908
2066
2692
5043
2393
8331
5726
8684
2109
1387
9603
5779
7965
8870
9082
4949
3529
3911
8305
2112
3778
8495
1096
7883
3828
3487
8939
1059
8908
2193
7963
2253
9292
8632
4162
1153
1270
1854
4741
6331
9911
8451
9970
5101
1005
5281
8273
3088
3563
5453
5537
1957
7686
3596
6648
3845
8133
2005
6248
9179
3189
5094
1467
1701
5753
2706
6371
7958
8779
1632
8566
4067
4322
6615
7063
1760
6535
1282
4608
9287
6680
1499
7094
7936
2126
6839
4542
2426
3740
5697
7695
4396
9802
3998
9824
1440
1842
7222
9413
5987
8964
6809
8928
8018
8184
4552
4236
6672
7693
9726
5211
9887
2655
9224
3867
8852
6671
7609
4637
5358
3025
7967
8255
2139
3069
2911
3533
6584
1000
6066
9332
5103
7314
9052
1869
7804
2428
9089
8894
5563
2538
1042
8892
1675
8356
7485
6653
7421
1742
5345
9038
9991
7738
4198
8174
1082
7089
6627
8061
8799
5471
1881
2283
6818
9690
5247
1968
8253
9240
6477
6040
2425
7042
1759
9376
6405
1538
5888
1677
9064
9569
9072
5124
1295
3602
3575
5619
6091
9219
2713
3791
1444
3461
5726
2463
7471
6727
3845
3883
4733
8840
8702
1605
2536
8317
7010
9031
2103
6923
1481
3161
6717
1497
8430
4746
6088
3840
8160
4484
1145
7940
7368
6905
2439
4044
3863
7287
6628
3971
2762
9081
3128
9482
2823
5393
3002
9550
8941
9040
1609
4202
5432
9890
7272
6874
4358
2984
9520
5945
8746
3507
5156
7546
5821
2144
2873
6644
6024
1052
5202
4937
7685
9719
1651
5726
5100
6610
8551
9431
2954
9026
9383
1619
5292
4601
2799
1635
6547
3143
4769
9096
4202
3661
2484
2974
7876
2502
4847
7064
2469
3481
6779
5522
7520
5468
3849
9142
4824
9407
8712
8893
1771
5255
8156
6600
2036
5958
4397
6384
4277
6212
2823
4666
2489
8255
8984
3160
2217
2485
4666
7476
6269
8849
5974
1198
8091
3240
7698
4610
4446
1674
8144
1698
9160
2483
3765
8384
6257
9726
4174
6736
9881
8111
3904
3272
7552
4292
2737
6800
7561
1076
2190
4111
5888
7583
8502
3159
6489
2522
4235
2601
5653
4377
9146
6252
2292
1923
9817
4347
3448
8803
3554
7114
5351
4086
4706
6226
7135
2825
5046
7641
2570
4759
1538
4095
7747
3182
8781
6212
3418
5728
3237
6658
9836
8357
3031
1652
6968
6114
4473
8833
8436
4697
8965
7071
8035
4399
6933
5135
1056
1531
9094
4997
2094
5956
7746
7138
6203
7841
1777
1110
6616
7673
4122
5714
4150
6336
9721
3205
2939
2766
6825
1192
6965
6629
5980
8768
8738
1967
3481
3081
9659
8712
3867
5022
2653
6756
9042
2635
5171
4948
4571
3986
3550
8197
2840
6597
5321
7205
2354
2182
8013
4981
6857
8734
5977
5265
9155
7788
4873
3613
2722
2819
5049
6314
4153
3885
8463
3294
5444
2430
4275
7810
5484
7786
5185
6849
1387
7210
7409
9169
9971
7215
1375
4535
6996
2505
7180
4638
7567
3933
9074
8890
2899
5902
5281
1056
3423
8222
1843
4585
3042
8784
8459
3362
7816
2160
2981
7715
5336
4438
9596
9513
1436
5880
6607
6386
1413
9211
8607
1922
1689
3031
3722
2795
5543
9644
4007
7756
5795
4908
8265
5903
2287
4350
9523
1678
2768
8553
2628
4188
2758
2551
3243
5291
3746
3378
1661
4447
2021
4233
3420
5785
7531
9184
2139
1604
6903
4823
6158
9016
3978
4656
8624
2590
9465
2189
5008
5562
2142
9269
9816
2832
3307
2092
7928
8881
2586
5890
3579
6584
6582
3865
6595
6959
3187
1349
5921
3964
4207
6008
4909
1301
5609
9263
5150
2344
2809
1615
5583
3675
3358
3468
9149
2358
7488
8886
5500
4304
9546
4988
8676
6394
3493
2055
4144
4899
6560
1533
6173
3701
5610
8545
6907
3691
8303
6834
3249
7832
2056
7572
7835
8383
9591
1953
4818
8774
2398
9415
2012
4809
3954
4134
3491
3792
5491
2513
8156
7233
9932
8074
5602
3080
4204
6720
2605
6469
6733
4292
1169
8284
7288
5909
1188
9119
1194
5037
1013
7061
3893
5201
5674
3215
8591
9072
6285
1474
3405
4251
4459
1910
2738
5567
3936
3998
2813
2244
8399
4469
7605
6890
8499
1481
7227
4703
8971
7115
6565
8745
4475
8038
7349
8608
8209
3039
8156
9804
7087
4726
5971
5664
5451
1562
3685
6742
4455
7310
7221
6928
9065
3511
1071
9653
9395
6335
3920
2293
7521
5037
4257
5238
1572
9029
6363
1334
5195
7759
2495
5936
7838
6401
5457
9515
4995
5692
4790
7371
5168
9499
4667
1036
6067
2203
6267
7910
8991
5644
6461
3763
9888
7761
2560
3478
6912
1568
1719
6090
5317
9133
5478
8142
8933
2442
2241
4796
9428
8240
4863
3990
8797
6434
6482
8904
1423
3397
5263
1312
4345
8205
7197
8431
8502
9287
9763
5166
6464
5398
2690
7143
8714
1746
9741
6966
8007
4389
4647
4159
2170
2003
4121
2077
7939
4243
1388
7510
6579
3580
6645
3951
7448
6986
2573
5012
5591
7455
7353
9476
2029
9111
4380
2419
1662
4656
5402
7644
3745
6602
1746
6610
7873
8475
3308
6074
5283
4305
1250
4755
6089
5816
2627
3913
3367
2213
1487
1989
4289
7571
7609
2797
5187
2848
1273
5873
4128
7382
7625
9542
5622
5984
9713
9689
4697
9638
5954
6485
9804
4573
6430
6013
1782
5935
4938
6329
1417
9099
2020
5530
3954
9464
3834
6051
2186
3243
5237
9648
2491
4371
2063
8147
6825
6912
2776
3380
6141
4256
3862
5642
3158
9250
1570
6861
5880
6361
4527
1558
4280
8112
7319
1619
9491
5562
2955
4895
8030
7313
7983
8980
6097
3948
9243
7291
3249
1807
6725
3187
5354
6586
7214
4628
3443
7776
6932
7355
9242
3363
3472
5042
9822
5425
5397
9120
4198
6500
9303
3889
7829
4763
5628
7947
9908
8200
5353
2729
5666
3409
5367
8013
9263
9472
2835
4687
1889
5579
2645
7548
2051
7385
6242
6292
3486
3418
6508
2755
3925
5487
6738
5276
7258
6989
5237
7917
2421
9922
2946
6388
9017
5794
7613
6218
6699
5784
5071
6049
6352
4076
8825
1557
9131
2612
4951
3077
3923
5516
5270
6031
6053
5930
1426
2861
3174
3923
2614
9794
9321
1520
8896
7118
1680
3017
6563
5400
1128
8137
3572
7892
7923
3303
9355
2480
9326
3889
9471
8095
4606
8360
6310
5929
1369
2004
5442
7499
5003
5390
6617
4066
9762
4051
2959
5450
6078
5267
9615
2213
3419
1811
8893
2857
7315
2917
3154
7524
9883
6162
4344
8504
6677
5933
8500
2298
2115
8047
5201
3985
6563
5406
9363
5359
7385
1230
2377
5676
9383
4392
2943
2514
5481
7315
7071
3665
7151
5214
1273
9319
1398
3629
1577
9271
3705
5911
6824
2767
7346
2627
2672
8948
8380
6753
8359
2694
5671
8976
2605
8512
4761
7428
4860
3370
1559
4057
8305
2342
5513
5518
8323
9136
3398
4940
9230
5796
4136
8278
3547
9217
9623
6246
4631
7252
9981
9117
8141
5522
4864
7300
4700
7297
2210
7316
2487
5647
9567
1106
2650
8415
8681
6649
5006
4064
5199
6709
2820
9066
6520
8313
1391
3569
2625
7411
8663
1543
5683
8521
5344
9605
2923
3246
8952
1595
3731
5791
5752
8862
5560
5314
9783
6408
1525
6230
4438
4394
7766
1799
7617
7896
2289
5188
8065
7110
8386
6528
8106
9732
3262
9465
1714
7049
4000
8661
4797
3061
9075
5249
8206
5741
9202
2277
6249
5949
1080
6748
9973
1400
2521
9099
4483
5705
1960
1139
2359
8173
6523
1437
9486
2245
3281
1471
9791
9621
9128
6694
2197
6894
7318
3555
2853
5842
1495
8510
2659
1975
5830
5751
2886
5906
5845
2744
9923
1205
9430
8775
7999
4665
1763
5497
5400
5386
3977
4482
1545
5361
1250
6574
4129
8760
4948
6986
2307
9436
7976
5685
3308
9863
2516
6456
1802
5592
7447
5683
9912
8305
2547
6786
9678
1050
6278
2861
7984
5373
3653
2000
6748
7186
8389
5101
1272
7651
7022
1333
3849
1413
8918
3509
1885
6943
7322
2850
2107
4893
2061
9690
8341
1165
4507
8161
6515
6394
9944
2435
6760
2211
9316
8730
3467
2902
4743
3673
3576
2154
3563
6951
2406
9043
5606
2162
4517
6813
4621
1744
5975
5260
8201
3124
7021
1268
3310
7108
8662
7775
1909
9618
4624
8588
5019
2683
2080
5938
9116
4528
8095
7805
4137
2756
9962
9517
9515
7582
2402
6041
5512
2840
2773
7461
2049
3593
4005
3584
3203
9196
5348
9410
7656
3074
1862
7209
6183
7904
9642
4440
7015
3947
9129
9955
5652
2100
2339
1966
8390
5202
9695
3923
1140
5498
4847
8753
1173
6295
6322
7289
3772
7726
1875
8046
7159
5419
7387
7322
4577
9196
4155
4000
1812
1059
5050
2288
6102
8523
1818
1837
6476
1140
9483
5006
2592
3268
1243
8465
5776
1992
7995
2905
8915
7108
4877
7765
6227
8179
3027
5837
8852
2178
7955
9000
3493
4480
6409
8412
9631
6207
9439
3541
1457
6111
8339
1029
3744
9347
1305
2197
7326
5525
6788
7708
5027
1203
1056
6739
4839
5095
9791
2989
5992
4725
3786
6169
1281
9682
9811
2995
4328
2670
6361
3936
2474
6788
2908
4947
5505
7391
6690
2033
2943
4997
6425
7096
7780
9589
9036
4888
4068
4404
4059
6450
3581
8614
1900
4823
1894
3958
1268
2938
7918
7502
4959
2815
7451
2767
9861
3447
8732
7000
5255
9554
3876
3105
6292
9780
2844
5101
4807
3023
6361
3284
6118
4721
2780
6754
3865
4026
6365
6057
8157
5716
3744
4346
4227
5785
6469
8223
6590
8623
5467
3751
5142
5429
2173
5983
9778
6704
4543
1896
8889
7616
8254
1898
9234
2783
1932
3833
6326
3844
9961
9330
6596
8948
5237
7076
9038
5124
1530
1065
2587
6488
3531
8667
2575
5806
3651
9623
2004
7417
1590
8098
5660
8076
5526
3621
6714
9271
7380
4247
1808
7605
7350
4284
9609
8694
6558
3612
1757
6784
2631
4558
2204
4260
4534
5104
3657
2118
7393
5191
9779
6609
4964
7293
9076
1656
7484
7928
3169
8591
1620
1084
7418
9303
6120
1973
1315
8913
2614
6447
6759
2841
3316
6218
9728
4819
3665
1385
4614
5780
7445
6138
8703
1666
4796
9510
5227
4161
1373
1885
2775
6854
1550
3076
8434
5203
4346
9108
8605
1072
3788
8486
3601
8167
1648
9454
3241
9417
3459
7084
6593
4504
9611
5608
9530
3528
8218
1126
3438
9817
9201
6352
2309
5918
1854
5345
4431
7676
7256
3059
1415
3838
4487
4709
7296
7844
2048
5177
2941
7915
1044
3252
9677
9579
3011
3378
1809
4267
4983
8878
8434
8952
8407
8070
9594
4854
7114
5236
8899
4482
7866
2053
8124
8061
5940
3932
2374
9109
3720
9025
5930
2250
9923
7678
9002
6847
8577
9941
9058
8486
8781
5716
3670
7534
2679
7133
8868
3207
8092
2508
4808
9529
4592
8509
7693
7344
9698
9569
6137
7144
8955
2751
7414
9275
1631
3579
8688
3919
4267
4805
4620
3131
8123
4597
5576
5894
2592
5897
8061
8164
5860
8973
1065
6225
7351
2626
4226
2892
8768
3773
4190
8168
8249
9052
5369
4697
3436
6836
9553
9586
8345
8347
5779
1180
4018
3975
2246
6900
4525
1537
5527
3815
4459
9966
8577
5582
3538
4171
5322
4627
9377
4782
5392
2228
8988
6249
4618
6482
8807
6232
3004
5349
8509
8204
6251
9937
3576
4063
9373
2513
8428
8643
9761
6268
1917
8193
1558
5132
1301
5563
1467
9846
5564
3742
6801
1319
1078
6426
2555
6965
5133
5250
7980
5886
9490
2416
9699
7804
8012
3964
2711
5482
4993
2029
2048
9671
1310
3291
1982
3129
8887
3010
5192
5067
7803
5179
8191
3646
6580
1742
4082
9122
3507
9069
8635
9353
5918
2864
1489
1182
9286
1050
8568
4542
7353
2870
1671
8343
8376
7183
7568
8489
5543
1861
6572
1664
1769
2704
8835
9281
5181
6518
5786
7528
9695
3750
4554
7886
8449
7107
9900
2079
5203
5392
4811
2117
4289
2966
1590
5720
7685
2938
3492
3797
8458
7033
6668
2321
5375
6567
3025
1506
6856
7141
8880
7127
3953
5296
2840
1895
5364
8301
7225
4125
7749
6714
8536
9744
2442
1560
2564
8176
1697
3174
4183
8752
4202
7122
6086
5822
6893
8919
6754
2171
9004
6129
4801
8029
1106
3779
4007
4591
4367
2942
9576
5048
7479
8871
6273
7363
2505
6289
9258
9347
6791
5946
9809
8489
2747
9233
7945
2473
7395
1231
1409
3403
3684
8608
2004
1723
6150
6553
3943
2184
5522
9646
5323
3301
7822
1877
7139
1494
7823
8318
3302
6244
7536
1022
8181
8497
7453
4902
3355
1454
9011
1300
7641
6988
7845
1821
3528
9463
3950
1552
9478
4914
9441
6341
6940
6824
3480
7961
6779
9091
5450
6383
6586
6111
1731
2967
7782
5498
4200
8700
5457
9750
8356
4090
1581
5538
8968
8950
9885
6269
6071
9829
8080
3796
6887
4502
6642
8413
6853
1870
9002
2252
1584
9223
1930
3605
6243
4726
6261
7441
1091
3901
2905
7121
7340
4719
8319
5569
3642
1361
5311
6137
7051
1188
5387
3064
6488
3227
9124
9847
6486
6718
6666
9955
5613
6215
2258
7775
8646
8586
6538
2646
7904
3527
5138
8345
1564
1699
6986
1393
5783
1406
7530
2252
4131
5850
4815
8436
6452
4535
5806
3534
2988
1071
1210
6572
2407
5909
4776
9574
4622
7726
3979
4733
1772
1667
8241
8823
3603
3994
4019
4870
9335
3551
7483
7408
6261
9562
3980
5437
3346
4681
1453
6213
6737
3350
1298
7728
4512
7102
4523
6799
7867
8223
7595
7669
2138
3053
9841
6857
6481
1465
3847
2156
2817
8544
7155
7689
9325
9481
3816
5843
1939
6420
2243
9177
9571
5533
2582
8603
6295
4408
3093
5677
3240
6184
8482
4894
8498
3833
9748
1699
5258
5670
5305
1147
9861
9647
6640
6194
6449
7718
9724
6824
5459
1479
3664
6910
3678
9584
6663
9767
3832
1480
3409
2211
4042
1343
5279
1691
3222
3821
2923
3883
8313
9969
9108
8812
6485
6796
3959
5556
8268
3902
9451
9749
1003
9619
7490
5427
6325
4842
6942
7177
9335
7324
3660
9236
9202
4343
1876
7112
6009
6431
8547
3840
6658
3623
7061
9179
4947
3876
8022
6375
5151
5589
9957
9932
3465
2353
4623
4267
4057
2070
4573
7519
6742
8148
7184
9533
2435
8391
3614
8089
1691
8164
4573
5925
8527
1348
1501
6225
2993
9274
2234
3958
6716
2638
6885
9654
1773
7954
8188
2461
1109
1644
2862
7736
6496
9885
8700
2890
4794
4537
4023
4346
9028
2131
3778
9357
6593
5616
5379
5944
7138
1232
1023
9118
6489
6766
1746
6978
5600
1646
2500
1129
7649
9495
3644
5933
7855
7975
2213
2443
2389
1181
5491
5451
1844
7839
8977
5085
2955
8248
8075
6886
2781
4246
4766
5548
5062
4996
3166
4939
7734
1464
1553
7745
8755
2791
9472
1541
3629
8283
3933
6084
1356
9484
5748
9225
2420
9880
9525
2208
8179
5349
9774
5933
1239
6730
1506
9682
8164
3973
8090
1882
1124
6418
6800
6818
6978
8737
7245
4817
1732
8950
4608
8456
4342
5044
4989
1184
1051
5783
2428
4386
5257
8501
1509
3956
2083
8626
5579
6747
1985
8700
7358
1646
8811
2218
5096
6089
3881
6802
7194
5745
2811
8428
6224
9820
9443
9525
4844
1922
3837
7291
8399
7729
6865
8511
6398
8805
7024
5546
5104
4018
4691
8914
9944
5239
5929
6253
7160
4881
4058
1841
3322
7369
1097
3965
9196
5120
6846
8748
5487
5242
8648
1480
7808
3060
6381
7094
8265
3200
2709
6534
7026
4656
5480
8206
2935
6465
7798
2602
1953
5788
7444
9722
2151
2852
1083
7993
8137
7291
5031
9759
5321
1603
6524
5640
3022
4904
3938
6795
3844
5657
5211
7533
1425
2559
4386
3501
8947
1390
3105
6331
7251
4775
2654
2036
5631
9289
8030
6252
1090
7315
1937
4194
7021
5670
6881
5970
1134
9283
8345
6527
6479
8007
2848
1942
4246
9097
8332
6195
8061
9014
2101
2535
9205
8458
7688
6990
1562
8681
5735
8303
9906
3346
2658
1857
5434
1728
4930
8814
6691
8333
4755
5183
9516
7027
2593
9115
4017
3697
3335
6719
5905
5034
9034
3495
1498
3394
9287
2530
8802
9858
1390
9433
2079
7547
6918
4652
4110
1025
1911
2861
5498
5704
5629
9711
8878
2622
6059
3180
4047
2856
8862
1141
2706
4010
3815
6654
7864
7416
5218
6891
8171
9410
3799
6488
5031
8625
2515
9815
5829
4862
7544
2628
6780
7716
2727
9876
1744
4536
9677
4111
7868
3752
3192
7190
8938
6064
5951
6077
6941
6939
8173
2167
8912
2951
6190
9795
8110
8250
5352
5053
1766
9958
9685
8576
6147
7734
1001
3525
4903
8655
5314
8814
8993
3964
4730
3392
1505
7531
8130
1385
7553
5445
2453
3679
4084
2080
3627
1088
6790
8907
2954
3171
9776
7242
9903
3462
6082
5827
1427
3751
1122
6998
1233
7997
9372
8172
4481
4856
1938
2519
9972
8218
6216
6840
8374
3491
2993
4137
1188
8046
5055
7848
3279
8066
3888
8093
8563
2929
7600
8414
2109
9873
4953
3068
6162
9526
7422
1809
1023
1062
9192
9347
8784
1722
1928
1652
4085
8468
8038
3788
7487
3104
7355
1658
6667
2295
9747
9109
1350
1037
7386
8894
6515
2626
9344
9308
5233
1377
5582
6542
1506
9315
9315
3613
1724
6625
2507
7644
4575
3937
9506
8923
4667
5923
1158
9592
8505
9068
1688
9960
5116
6390
3716
1131
3952
6077
1935
3061
5753
9421
8825
9199
3855
2472
5726
9509
8190
6938
9292
9095
5734
4349
9491
8713
2467
6947
8238
6964
9269
2783
5491
1924
7765
5333
5126
9651
6476
3226
5496
6331
2074
2231
3596
5100
3339
5952
7648
6064
7991
5777
2583
1749
2319
1191
8763
5828
7871
5928
9143
6460
4772
7109
6279
3754
7345
5477
2346
4223
2091
7519
3091
6535
6052
7685
7622
5613
9795
7071
9003
7704
2803
9916
9616
6711
9187
3672
7582
6624
4675
8948
6435
6292
5965
3649
3192
3739
5439
6780
1054
5582
8595
6404
9041
1029
5432
3240
6001
8800
6188
4273
4626
4952
4225
5964
6348
5848
9572
8700
5058
1541
8059
7056
8383
1457
2167
4842
2270
6100
5556
3039
4412
6878
8207
1759
7149
7056
6922
3447
5453
9018
2630
4207
1829
4457
8016
7353
5763
2100
2689
5064
7998
1862
3570
3916
2435
8238
4486
9236
2346
1332
3757
9729
4928
4995
8072
9387
8597
9157
1881
4182
8737
4947
5269
9494
3514
7617
1852
3135
7149
4756
8452
2376
3584
5650
2998
6685
3172
1248
6288
3154
4156
7749
6858
1605
6560
5116
7481
8811
7575
9019
4856
3825
5285
2678
5709
9624
4123
8131
9468
8539
3937
5984
7980
8646
9850
1181
1220
6944
4058
8056
9258
2403
6667
8641
6949
7838
3046
2110
7564
2269
2912
8483
5519
9726
4492
7098
5178
6830
9201
3274
7652
7289
9523
7710
4856
9820
6005
3059
7629
9919
6577
1278
4733
8118
5595
1027
6829
1806
7655
6982
1045
8765
3387
3950
6330
6823
9156
2503
5035
9394
5199
3500
1680
5626
1570
5588
1438
4094
9897
5826
7147
1725
3971
1486
6294
6633
7425
6471
3007
7862
9192
3493
1783
5318
8694
7778
1603
9027
5924
1070
4607
8371
5172
7011
5530
1508
5739
6465
9076
2460
9809
2313
6633
3165
3515
5409
1259
4403
9041
6076
7389
1455
8543
3010
1012
1091
3806
3185
2880
2528
7102
9727
9846
3583
9944
7722
7627
1286
5638
7706
5194
7587
4460
9331
7299
2089
6029
7202
2799
9793
5767
6421
4019
1028
4118
9895
5518
5276
5121
3080
3283
5768
5160
6076
3122
2506
6798
8885
9619
6716
3468
7044
5313
7884
2091
2645
8555
8445
1293
3452
2368
5089
8033
5739
7570
3218
9531
5516
3921
6175
3508
5941
7381
3014
1693
5748
8794
8927
6589
5451
5544
3987
6543
2654
5132
9801
1015
6606
3326
8560
4151
2419
9869
7642
4777
4752
3274
7915
3718
7292
5689
4693
6149
6246
2938
1875
9697
8018
4490
4819
3977
5894
3705
9554
3752
5899
7571
9178
8841
7923
8645
5266
8112
8148
1735
8595
7713
6742
6442
2723
9073
1942
4043
8155
8778
8896
9784
3055
1909
6643
5611
8523
2172
9224
1662
2307
9238
6426
7006
3749
3144
1982
8288
4747
7150
6916
5271
7027
3763
5816
7196
4165
5970
1976
1248
8249
2774
1785
5615
1331
8795
8979
9513
2437
6536
1344
8572
9087
4144
1742
7958
8765
1833
8633
4385
2866
6448
1291
5181
8845
4349
9566
2855
6793
7143
3009
2394
4331
1518
6871
3252
2212
7662
8328
9016
9225
2889
1275
6745
3693
5840
7782
6638
8371
4599
4712
3525
9045
9907
2742
3854
3319
6954
5010
2177
5565
9545
6095
5364
7997
3151
4579
8290
8119
4299
1721
7391
4806
4347
4723
4818
6036
7291
8227
4815
5057
5358
7357
2110
5257
9665
9929
7864
7756
7324
1715
5002
8274
5447
4973
5226
5979
8826
8380
3626
5648
4548
7693
4706
1957
4453
5964
9046
8226
6875
2049
3458
1034
7799
4378
1923
6610
5236
2476
4641
7452
9657
6040
9342
7031
2557
4205
2789
8265
8890
3813
4696
7913
9022
8372
1358
1545
2349
4715
1637
4320
5438
5108
6563
1078
9377
4841
3302
5128
4104
2607
7302
8828
9509
8585
5009
5837
9971
2611
5003
9866
3620
8143
8918
8178
7607
8532
7675
7418
1790
1088
3731
9365
9929
4295
6780
1928
6425
6287
4440
2906
8175
6855
2462
1479
2783
8408
8517
8369
2256
7674
7616
1896
1411
7748
7409
8923
4203
4371
4707
7696
5549
8732
8596
5074
5017
7685
8469
8004
9511
4375
8821
5110
2554
7853
9773
7957
4090
2257
1603
9444
3345
5481
6467
7848
7233
3998
4651
8016
8265
6807
3698
4470
8128
4191
3782
7216
6000
1460
4785
2385
9211
2619
8397
9138
7026
6145
2283
9501
8811
5328
4070
7378
3655
6361
9698
6965
1615
8152
4058
5722
3872
4130
3227
5333
2041
1924
1463
1448
1776
6496
1507
5555
6183
2439
8098
7681
1159
8417
5826
1247
5202
9417
4585
2240
4118
2604
6503
5314
6899
8695
6032
7240
1459
3470
3236
1957
6175
6328
8553
8808
3401
4034
5713
3590
8535
4292
4984
8710
2771
3482
7211
4956
6702
5873
7612
3157
2678
1215
5437
1406
8422
4358
9894
9740
3442
1096
3665
2463
2381
7087
6440
6858
6226
7644
9940
1716
3971
1982
2463
3150
3912
9164
9705
6104
5369
1724
1383
7113
6088
9833
2456
6963
1135
7894
5061
1036
5042
3241
1280
6619
7119
9442
6658
9853
2529
4324
4262
4327
8907
3824
5458
3267
9982
7520
6740
8236
5984
4489
9756
8347
5612
4495
6681
7177
2146
5928
1422
4789
1590
1100
8342
7850
2786
7982
5795
4256
1325
5328
5703
6947
4542
6014
9659
9361
7537
2884
3500
5883
1879
2688
5587
4726
7510
7492
9027
7649
9986
7519
1439
1058
2263
1809
3909
6941
7292
1779
4406
2285
8190
7947
7014
3955
2525
2644
2822
5001
5577
4908
7590
5285
6060
6990
9031
7976
5584
2912
6362
3113
1173
7040
1575
8042
8513
8299
6468
7446
1277
8350
3613
9165
6855
5788
5309
1437
4209
1630
6707
7489
1631
7879
7862
9402
5120
1244
1519
4452
7079
7506
2663
2724
9058
6523
7636
2525
1373
1121
4902
6436
9839
6104
2740
6128
1901
3122
6247
7739
3733
9165
1214
7141
4217
8192
1965
4559
9426
1882
7504
8922
3378
5633
4172
3736
8895
3772
9329
2452
7716
9206
5374
6774
7059
8077
6316
8020
2592
5434
2128
6277
6931
5197
1431
3386
3553
2079
4018
8393
6818
2342
1916
2439
8520
5901
5263
2389
3114
1419
3088
9957
7957
5412
1154
2960
8548
4942
7086
4529
4528
1700
5303
8034
3616
8533
4749
3061
9724
5769
4111
5683
7531
7459
5872
2687
4540
5569
5902
3319
9359
3271
3691
3109
4309
4326
8592
4397
9176
4523
8590
2954
2448
5271
9693
4890
2372
7746
7533
1512
8531
5353
8335
7345
2728
1958
7349
8917
3715
7556
6433
5661
5382
1088
6744
8363
8673
2522
2920
1046
8476
3230
9169
9265
5948
6255
6612
1570
6206
7012
9723
9746
3976
3068
8376
2906
7440
7329
3991
6225
8633
9604
6161
1544
2364
6267
5555
2349
8734
1092
5106
1683
5087
1317
7087
3830
3828
7604
9065
5485
1932
1581
2411
7992
9104
6180
5664
4016
5417
3882
1092
4711
1770
9379
5112
6306
9319
4144
7277
9311
7966
7498
8165
2731
3547
4253
8302
9810
4913
3970
4173
5322
5987
2119
7544
2697
9376
7489
7512
4051
7744
4383
4811
4316
9592
5119
3535
9633
2386
3786
2926
1974
1591
3951
3204
2659
1847
9621
4473
8863
2468
5547
9176
3223
8690
3584
2134
7716
2042
2331
7909
9677
3126
8256
7977
2351
3161
6729
4596
9828
3238
8334
5289
5096
7321
5455
8301
4611
6944
6877
8697
7553
5510
3145
1884
6022
4952
2259
5368
3468
7599
5190
4392
2559
5383
7093
8700
3012
6345
9552
2378
2078
6279
7730
4898
1318
2679
9362
3703
4430
4007
1545
6979
9284
4345
9655
3222
3159
5239
9715
6653
8526
6395
9070
2960
4387
3461
5165
3348
1340
8945
3831
8089
9825
6010
6661
3241
3865
6907
6907
1400
4441
8358
2580
9495
8718
8084
1221
3442
9465
9682
2215
1850
4201
1370
3153
6029
6575
2552
2986
4723
7835
9111
4364
1323
3551
2655
1606
9863
8828
7037
2542
1461
2319
5596
5087
4875
8123
9611
3667
1199
5486
4875
2220
1070
7039
5672
4885
4869
4170
2253
4598
7418
6974
2643
2901
7196
3311
6093
4046
8703
1747
5320
5884
1701
1617
9146
4953
6000
3782
6235
7425
4851
2083
6452
4849
4646
5260
9811
3649
9224
1020
4828
4917
7768
3956
6548
7112
4051
1631
7237
1196
8027
1414
4072
4810
8758
6011
6021
9703
4032
1778
1698
5110
1024
8448
7753
7807
2480
3713
2258
4877
3459
4266
2422
4149
4993
4313
7963
7037
6270
2336
2222
5175
1742
7660
7826
5946
1224
4651
7422
2303
7161
4475
7109
7430
9588
7431
8749
3342
6597
5256
9553
4537
9215
6804
5123
2694
1893
9044
3222
8498
7188
2538
1131
1995
2930
2323
9836
9627
1074
7134
7768
2478
1401
3617
2039
8852
4419
3683
7814
8934
9861
8661
6231
7728
4003
5920
9306
5580
1318
8868
7053
6360
1576
8955
6314
2439
3699
7538
9900
1729
4604
1188
4599
1331
1658
9213
2653
5818
7457
2850
1523
8998
6404
4532
9786
1320
4301
7384
4791
6009
5814
4826
8707
9224
9488
7085
9378
7336
5805
2382
1044
5520
9829
8346
9535
5072
2715
9161
6904
1077
2831
5273
7189
4709
8154
7837
7152
6971
2808
5815
8947
7735
6654
5542
2370
8206
1898
2882
4882
6446
6008
7255
6435
5089
5789
1548
5104
8470
4612
1385
4764
7617
4005
3961
5271
7111
9920
1226
1837
6453
4241
6702
8687
8633
3589
4989
3410
6974
9796
4218
3470
3209
9693
1485
7156
1339
3739
7726
6180
7207
7103
7462
2558
9363
7688
2969
2110
5331
6712
9552
9164
1277
6667
1998
2309
1448
8887
7543
2318
4817
1557
2156
3517
4776
6156
5413
5693
5180
6443
7202
7908
5531
9234
9535
3112
6739
8837
9254
1051
2954
8325
4763
7362
4542
1908
2084
2711
9674
6265
5208
3177
1675
3510
9728
3404
7854
1020
3046
2346
6055
6329
3836
6272
1485
9148
2560
4252
9216
1886
4714
4460
1907
3993
1299
6695
4340
9752
9291
8313
3808
1845
7722
2459
7790
7076
2940
4971
6943
4975
2179
4267
3419
3207
3028
6456
2153
8486
2044
3382
5412
1002
7457
6193
6929
9988
4436
1529
5608
6304
6407
7908
8405
6731
3774
1080
6338
8808
2647
6707
6982
3059
9689
7704
2116
5444
6183
5223
3012
5241
9591
5339
4527
2207
1249
5866
1812
7288
3328
8579
1897
7151
4143
8722
7393
1314
8747
4867
6932
7418
2436
5980
6400
3818
9706
8146
4888
6686
2515
4706
8566
2447
8081
5707
8944
1270
7401
6825
3714
8359
1268
4770
9463
7956
8868
8421
5481
7903
6372
3018
4746
5640
5245
2080
8203
7892
1217
7497
8705
3675
8805
5074
8075
8393
4921
6860
9995
3998
9661
7906
3207
4403
9275
1726
8169
5619
2441
8742
4491
3640
6754
4277
3365
9356
8330
8819
8846
2270
2913
3047
6675
5017
2076
3583
4791
6810
7420
8755
6005
1829
9675
6107
5976
2136
7757
6353
8612
7010
8794
3548
5999
9884
2953
9400
6644
5573
8342
1375
8232
5905
1255
9150
4671
1589
5729
5535
1115
9211
8605
6539
7568
9599
4895
1273
7242
2033
9491
8695
4028
6443
3310
4041
3073
8763
5134
4160
9192
8600
8687
9815
8050
9174
7463
7444
5168
2380
3215
2004
1799
4828
8061
6407
9576
9127
2307
9690
8266
6815
8297
2390
2765
3208
7227
2942
7486
3844
9345
5279
9608
2644
4767
1479
6227
2122
2058
1844
6377
7470
8160
5835
9642
8386
9376
2401
4984
3970
9649
2036
1365
1741
7874
3315
8668
1411
6674
6115
8124
6668
7512
6986
7544
6558
2759
6172
8066
4952
8954
1646
9249
8264
7935
5804
6725
6331
2049
7494
3515
4606
8720
6426
8916
8562
6506
9959
4567
6929
9316
8287
1071
1635
8007
2296
7817
5053
6931
3328
1090
5142
6157
4223
2156
5086
8756
3812
7406
5954
5436
1492
2745
1575
4430
8590
8747
1342
1105
6928
9284
7200
3629
6204
9518
9775
2771
6104
1248
5583
6040
4748
7617
9877
2076
7408
9557
9054
9897
7779
2806
4425
6088
6880
3903
2651
5194
9454
6174
6411
6908
6020
7239
9096
9012
1148
6824
6226
2889
7472
8905
3186
3597
9553
4099
4107
6099
4151
1291
1511
6146
9975
8962
7870
4377
3681
7742
3728
7871
5231
3786
8892
7814
2093
6413
5979
1297
5504
3374
7563
3497
5254
7570
5412
1653
8350
3144
6532
3335
3599
1781
5601
7894
7275
3806
9708
4867
9256
8941
6150
2783
6185
5095
3562
5602
3096
1698
1726
9920
2230
2827
9592
3326
7103
2222
4269
8246
3735
2113
4690
2352
1372
1893
5410
5751
7899
7307
7525
4583
1048
1637
7376
4825
7084
5792
2917
4565
8579
3852
1772
8775
7244
8316
1878
5845
4023
2146
5836
5428
8344
6338
6918
5846
1065
6240
1407
6410
1134
8415
2762
1628
9837
5577
5563
6438
4880
2115
9161
4820
2048
3572
4014
5272
7263
5587
4955
3515
7184
9198
6034
2809
2858
4572
6322
2422
8152
3095
9633
5274
8899
4379
3932
9916
1121
8378
3529
3230
4912
5311
4566
5065
6537
5496
6222
7270
3681
9924
5447
5493
9605
1057
7441
8688
9448
9551
8542
9807
5623
4959
6925
7943
8093
1882
8651
8838
2719
3347
1318
9262
9708
1132
6741
1625
8398
6590
8058
5898
2427
2795
5526
2124
2565
8401
2102
8544
2857
4338
4623
8529
2897
5656
1292
4570
7936
8735
3450
1364
9135
6012
3193
2513
4066
7110
7848
7553
8033
6269
9173
5546
4938
4539
4686
4363
8022
9682
6752
8007
2031
6556
8524
8768
1763
3737
3219
8876
7315
4836
1262
6156
6040
9402
3395
1348
8921
8022
4794
9503
7427
3724
9946
7634
8954
2821
2147
3566
3429
6364
7714
7388
7329
3842
2348
4113
3548
4286
3762
3644
8297
4250
3428
7766
7897
7957
7418
7851
9167
8388
4738
2761
1000
2742
7599
6824
4002
3427
3659
1967
3634
5942
4916
9783
7144
9062
4985
1782
8545
3179
4037
4808
9747
3381
8434
1877
7915
8966
3450
6399
9623
6575
5308
2215
6642
2936
3947
5900
8875
8469
6985
2545
3095
8414
8724
1590
1536
7428
1336
1833
3658
8859
5637
7381
3755
7763
7050
9821
1318
6050
6699
3449
2768
6618
1935
5845
6390
9135
6643
2315
7405
3785
4523
5050
4501
4884
6527
5378
1800
1347
6486
9777
3526
5300
9731
5684
2096
9222
7480
9258
3702
8377
1561
3333
2221
2485
8929
8913
4719
4914
7454
4318
5231
6081
1218
1593
1297
9572
7107
9700
7062
5715
8168
3729
2557
5906
4110
3040
2003
2854
5554
4954
3580
2687
6314
9073
7644
6879
2060
9753
3367
4840
3193
3031
8028
2611
1297
7899
2546
2428
2462
5756
4777
4341
6987
5983
7336
1111
7385
6062
4843
8237
1112
9501
8761
9484
9110
3090
7195
2780
2820
1215
3355
7492
9133
8841
3159
5785
1733
3747
7353
2664
2952
9957
9936
1652
4400
6868
2741
7069
2860
1741
5879
3846
5905
5438
2640
2135
4704
8201
9812
7435
2748
2618
6206
8862
8078
5661
1355
9679
5422
3771
4418
5606
8416
3580
9140
2040
8531
7642
5866
4430
7534
5882
6829
5856
3744
8774
5881
3135
1432
4348
2145
5597
3598
2276
4153
6484
4465
4963
1180
4986
5765
3658
6200
7935
9409
5632
8971
7184
9263
7584
7451
3532
5508
4904
1422
2977
4018
9420
1800
9579
7592
5754
9847
8021
1880
5993
6461
6881
7626
2497
8599
9280
5186
3353
5482
2849
2863
8382
1347
4082
7627
5765
7158
5256
6376
8218
4475
3648
1734
2171
9097
8311
2075
9816
8827
5029
3497
3615
6644
5408
9299
8171
1062
3165
1911
2409
6021
4490
1151
5611
8546
3297
1734
6386
4574
6454
7473
6297
7790
1381
2495
8541
7618
1761
9966
1825
4194
5665
2701
9095
9921
1940
5912
4957
3358
3132
6167
8908
1648
8206
1458
2994
4638
8505
2519
4483
7043
5061
4913
2562
8228
1828
6603
6392
2228
9213
8994
9630
7092
1660
6863
1496
7557
2374
1843
4626
1399
1935
8631
9570
2756
4734
1669
2859
5570
7229
3112
8674
4115
1536
2623
7761
7034
6414
4432
4137
5800
3758
9338
7610
4539
5217
2265
2211
7912
4848
1279
9908
9637
7290
2605
3346
7953
6759
2153
9867
2472
6571
9724
4591
1531
9715
9666
6518
8191
2237
9793
4900
2198
5294
5762
8915
2068
9448
4523
6064
6961
7770
3155
6515
1431
1018
5433
6017
8636
7246
4245
1933
5818
5417
2596
4613
5697
7930
5460
6422
9627
6115
7827
7002
1570
7130
2007
3904
2333
7782
6842
1710
6100
1815
7546
3796
8293
6518
5292
1148
2218
9155
9858
9694
2019
2645
5527
4932
3307
6854
3268
9600
1087
3463
7417
9375
5432
1345
7462
6215
9733
1900
8204
6687
7240
5596
6510
1901
6135
8963
4309
3069
6704
2835
3844
3372
3117
5600
5075
5554
7739
1750
1305
3474
6055
7129
9979
4206
6587
9631
9543
2085
7551
8438
2542
3762
2472
4931
2402
8709
5626
8047
5192
6015
4492
3591
8788
6020
3912
9333
4739
1739
5767
8172
7279
2029
5204
3406
8187
7408
7747
7948
3774
8102
7590
1524
2376
8527
4468
4718
3319
4668
7569
2479
9231
1234
5658
1382
3340
4642
4631
8907
1360
7182
4287
8445
7501
7401
1460
1564
5865
4716
9281
3080
4247
5264
7607
7072
5351
4216
8125
5579
6484
7896
4375
5164
5831
6534
5101
6494
7818
5785
1320
1752
9753
2558
5338
8290
4494
1355
4689
7443
5094
9269
4202
8526
7958
9283
1415
5650
