4525
6347
5361
1163
-5880
1178
8121
-1157
9551
-4526
-4162
-654
2653
-610
9644
-9393
7248
9907
3544
-3708
6338
6961
9839
-9348
3999
526
8681
3753
936
-8378
-6258
-934
-4057
9771
2854
5260
-9393
-2380
-3137
9150
103
4320
-7621
-4531
8142
5896
-3257
-856
-7064
-5574
-1799
4375
2397
-241
-6102
7564
6509
4708
7165
3595
2497
-5632
7908
7929
-8269
6772
-6597
2882
6537
-5617
10000
-373
3044
4395
6190
-7982
4582
4369
-7490
8104
-6218
-464
816
-3490
3421
-632
6670
6184
5873
5290
8751
-4100
456
3268
-3348
-4266
6413
-5550
-6263
-8630
2493
3861
2608
8553
-5573
8575
-8670
8002
3570
-8121
-7018
-7861
2198
9061
-188
-7039
3552
1397
-5492
2364
-9899
-2781
7010
-8754
-4367
4100
9172
9777
-2257
455
-4394
132
632
-8860
-4389
-78
6929
2263
-7917
4847
-1963
8668
-7386
3993
2308
6612
3703
1395
-6545
-6310
2182
-4985
9943
1374
-8732
-4727
6852
1362
2920
327
9403
-8446
259
-6885
6273
2851
1508
1057
3450
9891
-3967
-8711
-686
-339
-5674
-8567
-5395
-6984
-1062
-978
-9603
-2223
6321
-5948
8273
-9409
189
9258
9872
-9663
3071
-4434
9344
1756
5444
-3517
-1592
9499
7720
9458
-4897
-7355
7945
-6436
7658
893
5701
281
-2952
9835
-9332
3835
-7577
-6102
-70
1626
-4767
-3793
-5158
5682
-7339
2250
1186
3113
-3180
-9534
-8055
7559
4218
7843
3025
-4894
-4704
-520
-6082
7752
-168
2757
-3606
-2621
-5110
9909
2210
-9964
9669
9236
-6857
5445
-8175
-6182
-8750
-7799
4656
-7962
6797
2854
1460
-5168
6744
7192
-1053
8143
6064
-795
-3191
5563
-1462
2944
9981
2179
-8206
2477
9814
7464
791
-7248
-9961
1149
3444
-2415
7324
-3500
5733
399
6593
824
450
-6742
2684
1065
-3708
-5001
6013
-797
8432
-3252
-6155
-6995
3227
-5894
698
199
5465
-353
-7976
-1227
-7612
7193
1248
4044
2814
-9690
1389
-841
9869
-7554
-7590
-4336
2612
5986
-4888
-4721
-9741
-1085
-4114
6795
6465
610
9032
-5957
8908
7035
7923
-662
6887
-2876
1036
-3914
-1625
-2181
-1564
3258
2011
8640
8252
-4018
3610
-3147
-666
5985
-5662
8181
393
7242
8994
-4582
-60
-3451
-6240
-4771
2309
1778
8162
-2795
5136
5779
-7613
-7950
2272
2744
1411
6324
7289
-5208
-2450
1855
3269
-8381
664
9905
-6815
-389
-8724
-6954
9705
-9274
-3359
-9319
345
1469
7185
-5514
-7675
-6854
5511
6658
5096
-5194
-6496
-7528
-6406
1559
4581
6590
-5426
-1986
-9109
-4400
-309
-2862
2149
-1680
5886
-6144
-7956
-7302
502
5116
-2500
4409
-863
-8294
1706
-9197
5560
-3075
3999
4143
-718
892
6759
-1537
8116
-1808
6310
1626
5030
-5314
8473
1691
9836
-8959
990
-6794
9320
-1136
-1399
8470
-8899
2812
-3844
9981
7307
-905
3336
-8113
9854
3778
-8970
7649
4015
-3252
6319
8800
380
-6314
204
-2306
-2454
419
-2331
-4184
6643
5809
4574
-1904
717
-1500
-8516
-3305
8325
5530
3041
6470
-5265
6778
1157
-979
4857
4423
1772
-8748
-6344
-9177
7677
3087
-5277
2190
2827
5634
8661
-9093
924
683
-4857
-9660
-6663
-8503
4521
-4761
1171
1353
2293
4335
9324
8486
3708
9849
4064
3602
2529
-8818
2837
3124
8647
-3584
-7840
5820
8133
-8513
-6627
8527
5673
-4149
-1965
7418
-5394
-7642
1327
-5605
3440
-341
4501
-383
-6749
-9582
-1041
-679
-8501
9191
9380
-5125
8127
9225
-6896
7478
-1930
7800
2037
8728
8181
-2482
-6635
3033
-8134
2645
5681
-3558
-3700
-8094
3880
1349
-1478
-331
-9839
-7131
-3318
-6780
-128
8228
7457
2839
4320
8942
-7892
8499
-9600
6449
-7254
557
-652
-3194
321
2599
-3785
-4078
-3707
-8533
-2250
607
-5262
-7483
-6979
9594
-4689
-1970
6353
-1543
9064
-9766
795
-5151
-2073
3810
-8730
-4659
3199
-5576
925
-6632
2244
9233
-6304
5743
2558
-2926
-8972
5923
-6547
4240
6577
-4785
5470
9266
3489
4940
-183
4726
3631
4079
-7855
1943
7385
-7489
9762
-5502
8879
6512
1329
-9127
2723
-8131
543
-5618
8363
-4494
8822
-2721
-2965
8237
-2998
-9570
-4997
-5177
-6342
-4420
-621
-1338
-9680
-3670
5525
8473
793
6846
-8777
-9699
-8153
-8816
5981
-1941
-1804
-5484
-5407
-7420
-8484
4707
4673
1088
-9097
-2018
6119
-7462
-2310
5394
-2924
-8286
-3061
2561
8854
4182
5120
217
6192
-5001
-4651
4250
1077
3697
-6842
8062
-6341
7637
1298
8976
41
-7515
5838
-7577
-6694
-1048
908
8291
-2242
2338
211
2986
782
5399
-230
9509
3362
-714
-7669
-8202
2940
7979
-1675
9594
7232
-2734
-6371
-9024
-2070
-7158
-5677
8483
1240
-1286
-4647
-5409
-4123
-5484
-746
-99
-6726
6829
-7542
-6147
4789
2363
-6533
5678
-6073
-6351
-5301
4373
5306
-501
-3965
2062
4161
6244
-4808
6041
-4678
-69
361
-5085
-1985
1729
-8254
-7932
46
-4822
3632
-1154
-9969
2430
8525
6112
5521
-5528
-5195
-5132
-6202
-2049
7050
-5720
8144
-50
-6824
-8260
-7322
3291
430
-366
9324
3214
-5421
3343
-3533
7543
5838
-6941
616
-8601
-4368
8749
18
5853
4342
-7125
975
-76
6542
-311
1438
-9677
2242
7371
2882
-3919
-3228
8066
-1448
-9994
9390
6755
4749
-6002
-478
-3183
-2149
-4818
-355
7978
-1366
-8254
4252
-7601
-7681
8301
4263
-7710
5608
-9700
765
2755
6749
-9259
8196
9000
-9028
-2792
-9540
-9614
770
7772
4507
610
-7990
-1123
-6001
-3980
-3670
-2476
5025
-4207
-9722
8564
-8946
-308
-3928
-158
5052
4581
1819
-5518
-7543
-1748
-759
-3366
-9994
4008
-4198
523
-4155
-9357
-5279
-741
-2793
863
-2761
-6359
-9612
3442
4302
-1758
5960
-1916
-4724
-5028
2477
8185
9688
-1496
2928
1130
2156
-4121
-1433
-3712
5314
-3745
-8631
5377
-1129
-8
-9783
5808
-8321
4382
-8929
1019
1357
191
-7548
-7570
-546
-8390
-9721
-6424
-1477
4374
-7025
-5732
4157
-8179
4321
7299
7596
4715
-1513
8842
-9309
-9081
5549
-9016
-7728
-4988
-5430
-5691
-1975
-9849
-3596
895
-6100
-8543
-3172
-504
-3949
497
-8324
546
-4400
-5009
7765
-9060
-6721
7101
-8781
-2950
5672
-7082
8213
-3035
-4106
-7770
327
437
4643
-8533
-9842
-5558
7040
5971
5552
-1629
-2031
2081
-9633
2700
4993
-5176
1247
-2902
3039
7942
3242
5701
-6846
4609
7706
-4829
-6208
7521
-1363
-4894
-8061
9440
-5000
-8330
1130
6392
4853
-5417
339
7234
3506
-371
-560
-606
2971
1198
6734
-1480
2058
847
1672
1114
3927
-2048
-1011
4627
-2718
-9967
-6238
4987
-9350
9520
-2667
445
-3568
-1470
-2920
8698
-8431
8601
-28
-3336
6759
5805
-5564
-6388
-3739
3761
-8362
-3493
-1562
5273
-4538
7790
3435
825
-4487
7048
2682
6504
-890
4819
-9179
5353
6584
3986
-7705
8995
-7038
-5560
-5883
8036
-3049
3457
-9125
-4992
4355
8122
-6484
-4624
-1634
3521
8396
7255
-3451
-4623
4058
-456
7011
5607
-6983
33
-3984
-4935
-509
5153
-4158
-8594
9221
450
-8684
-2734
799
7198
-7610
402
-1679
2006
6915
-1573
6470
-2609
3532
-2695
-1862
5589
6423
-6434
-1196
1206
9929
2752
-8016
-2645
-8577
4085
2020
-8115
-6035
-4278
9166
2949
8901
3066
-5941
-8901
-7278
-8802
4865
6147
7056
-7949
2629
-1417
9137
5626
6501
8711
6928
3903
8730
-7724
2603
-1985
522
-1435
-4719
-6557
5774
-1695
8382
-3564
-1960
1192
-739
-6479
-1510
-9535
-6755
-2962
2866
5225
-1299
2657
4150
7877
-9878
3401
-1781
-4203
7584
3310
-5042
63
-3007
6890
-9655
886
-7456
5495
5819
9280
-4576
-3441
7765
620
4012
-8563
9322
5616
-2864
6036
5465
-111
-8963
-6495
3575
9946
3865
2645
-1558
1880
5224
-23
721
-4928
-8522
7977
-5802
2372
-6825
7604
7921
-2249
1220
3586
-200
-7858
4893
-6470
-6136
8685
4079
2603
8662
-8452
7846
5069
-974
-6513
-6686
-9601
7022
-101
-2947
-6062
-5945
5448
5839
2693
-858
6036
7239
-3050
2440
-468
8115
-2286
8670
-2549
3705
1433
-4947
334
-1220
-243
7802
-7380
1316
-827
-2773
-3591
-1049
-9289
-942
-7224
-9418
-1978
-9303
-2719
-470
4353
-3697
-7800
4389
-2171
-8554
-2871
-9837
-871
-6566
132
6399
-8426
-217
1882
5346
-3313
-8882
7296
-3863
-8565
-5868
-3334
-4535
-7268
-2916
6528
7892
-337
-1051
92
-2984
1389
7922
9353
-4871
-7147
5946
-9050
-1689
672
-7543
-7814
-4262
7096
11
-2624
928
7176
-2570
3896
-3097
-6599
-8856
-1905
221
9638
6735
1656
-9256
-5082
-763
500
-9820
3342
-6885
-4990
-6347
430
-3247
2493
741
-9833
-1015
5466
8978
-8054
-9073
-1630
2722
9709
-4401
-9284
-7767
5054
-6811
-6386
244
-174
-868
-4509
-3882
-5710
-9794
-6608
-8566
1957
-7994
2397
3980
-4999
-6278
-9502
423
4937
-6846
-3265
4417
-4321
-883
-1726
8711
-1636
8935
-8964
9319
-1479
-1733
-4874
153
9502
4766
3827
-8702
-8739
-3626
-3549
9962
-4408
4031
-2979
9941
-1469
4391
-2279
5987
-4899
293
-2704
1899
6454
-803
-5435
-9291
-9143
-3219
7755
-4644
9170
-5926
2913
-6310
6880
-7756
4478
235
-105
9200
-839
-1438
6704
-3227
-1176
1648
-7904
-1666
180
3973
1213
-4951
4217
8228
-9030
3228
3699
304
200
3118
-9560
4481
-1380
-8906
-9209
-8482
-8883
-6670
-6940
-3714
9913
7486
-3909
-4098
-8869
8734
5196
-320
-9628
2917
8613
2523
6601
-6219
4143
4121
-143
4686
-7280
-6348
-1455
-5826
-9966
6778
8759
4681
9943
5609
-4018
-2694
530
8767
-4727
-6107
4061
3728
8959
-1685
7096
-7764
8032
-5982
-69
7284
4505
-2082
7880
-5162
-3048
-3329
1662
-3568
-9390
9409
7741
5739
7451
-686
-2857
-3549
8792
9587
-6302
3067
-7614
9847
-2751
2708
-279
-9585
5162
-8459
7590
-9517
-4380
-5473
4243
-7249
-7728
841
6802
5104
-1343
9311
5645
-5902
8156
-4135
-3848
8322
6277
-355
-8828
645
-6555
8446
-9680
6865
4897
4659
-9332
-4829
5118
-3463
1509
120
-1157
-9874
3789
3214
-8505
4699
-2959
6303
-350
-6313
929
-5613
7423
8289
-8310
-8616
-3445
1399
-5862
-4483
-9631
-3056
7039
-2826
-5793
7379
-2145
-2386
173
1630
9987
-7880
-2199
-4476
5256
8030
2076
2938
6827
-8423
-7397
-5131
-9005
9759
-2484
5933
9442
6608
2968
9284
8617
-6282
-7602
-4008
-249
-8102
-6912
-3386
-993
-5884
-3156
9427
-3870
8020
-6300
-1191
6587
1898
-6967
-6339
-691
3618
4573
-7439
-7087
5500
-4051
7281
9659
-1725
7937
1247
4647
889
3014
6269
9723
-8191
5774
3357
4942
-4539
-6069
2710
4734
-6824
8740
-7025
6058
8708
9346
-2456
3575
-694
-25
-5002
-855
9837
-6922
4251
5950
-4193
-3044
-9268
-3821
5597
-5220
5241
-4994
-2568
-913
4778
6125
-324
-1280
-6153
-314
-8137
-2173
9738
6760
-7027
-8778
-9050
-1071
393
7673
-4659
-9087
-1985
-2877
9886
8731
-8478
7408
-866
8506
-6801
-3470
9137
8397
-6502
7970
-1374
-380
-5432
1420
-6102
-9415
-3872
5313
-2718
2010
-6659
7492
2976
-5416
-3995
1803
5787
7925
9440
4327
6992
-9692
-798
6047
4602
2269
9586
-4658
-3513
5333
-1309
-8660
3262
-4996
2597
1331
-5640
8973
3774
-5245
4786
2702
9841
-2124
5389
-5969
-5569
-5451
2500
1396
744
-8788
8957
-829
-9023
-1683
-9582
-1479
6818
1630
-9000
-9214
-1174
1950
-6681
-8000
-5770
-2028
1988
4675
-2558
6814
-5850
4685
9542
-5711
-9533
-8675
-9343
571
-2163
5037
2842
5091
-5411
-2522
-7617
-5910
-5974
-5721
912
5840
-7846
-7856
-6245
4000
-6124
-2109
-5443
3388
9802
6460
2562
7825
-6047
3930
7063
-5728
-370
6689
-2151
9093
-2137
-3753
-6208
-4036
-2056
3735
-2640
5841
9618
-9860
-6055
-2292
-6237
1603
4660
-7995
930
-4459
-9588
2577
6769
-2731
770
1377
-7526
5017
1137
660
416
8112
4460
-2662
6430
1819
-2024
5908
8352
7792
-3945
142
-9470
-1284
3771
9661
2514
-5147
4062
2350
9270
5057
3343
-5911
6276
5273
-7677
-9407
5477
2415
-6511
2927
-7403
6701
-4575
-8494
-4320
6608
1279
1944
-6373
8752
-6346
3138
9487
271
2047
-1947
3499
1109
8863
7622
-9045
8787
1390
5359
-5232
371
1062
-8843
-504
-2618
-9569
-4064
4302
3129
-2456
-6171
-6710
2265
3981
5907
3575
-7882
-1277
-9482
1403
-9796
-5398
-3995
-6774
4271
-2905
-5633
3553
-4133
1972
-6190
-4689
66
6738
5310
-4454
121
-7552
6246
8320
7718
8836
-3642
-7273
-1783
-5238
-8767
7129
-7044
-5953
8838
64
871
-6044
-5437
-4232
-4943
7932
5225
-9714
6064
2384
-1565
-8844
-6267
8519
3225
5528
8671
361
-6547
9671
2477
-7802
3686
-8632
8245
-6723
5009
-492
-4138
-2761
596
-8180
3135
3747
4440
-3890
2175
-458
-9512
2190
-2777
5959
-7744
-4667
401
-4799
8995
-302
1538
-4294
8459
2596
-9407
9167
7587
-1327
271
-6806
-2477
-8221
-7078
-4283
4424
-1175
-8212
-3385
-1978
-14
-5921
-2886
-6648
-872
-128
1264
2447
6518
9943
-1648
968
3044
-5717
-4689
7970
-9844
-1220
8001
-8774
3968
6160
-4233
5840
-1019
-7982
8710
-733
-8494
-8465
3431
-6455
-6214
7179
-992
-4381
-5576
-7647
-670
-7276
-670
-3280
-8932
-1270
-8082
2227
4480
7497
7612
-2253
4268
-9956
-6212
-4612
4055
3827
8312
1275
4372
-2890
1162
-8004
941
4983
-3489
-5193
-2819
5865
5276
9692
3546
7804
9451
5276
1896
-2752
5092
7037
3921
6755
-2461
-8787
1655
3759
-2732
3386
9758
8398
-6876
5181
-2692
3149
-2018
-7780
1562
-2667
5779
-3914
-7781
7112
-4955
8615
-7780
7921
4201
6464
-9406
-1488
3493
-3193
8736
-8726
7355
7618
9571
-51
342
7183
-2285
3125
-4951
-1216
2741
-9906
2384
-9604
-178
7231
-6286
-5437
1469
-995
4818
6809
1709
-1075
8993
3735
9558
804
2792
1246
-5095
6317
6446
-3967
5795
364
-7351
-8388
6992
8597
8371
-906
2062
6261
-4127
-7875
-4464
3805
-3358
-6636
-5203
-1071
5338
-270
-3543
-9455
-4092
645
956
6607
7625
6912
-9667
3804
-6122
6424
-6351
-3650
-5398
9458
4581
-7899
-2429
2873
635
-4276
-5254
5449
-6949
6868
-1802
-4247
-5839
-572
-3552
5976
-9021
-3284
9577
5250
-5544
2005
657
-9615
-9029
-8541
-1239
8259
2383
-550
8477
9187
-798
-2815
-1216
-7304
-8642
-7536
9095
-9268
5799
460
-2407
4089
-1592
1872
2750
906
-2644
-2098
5445
6933
-3226
-648
5002
-7425
1445
-2814
1902
-825
6963
-3512
-6935
3602
8391
-988
6551
6977
-9357
-6249
4618
8515
-2379
8844
9451
3997
-5589
6568
1977
-900
-1291
7856
902
-5520
4006
-8457
2412
9851
2184
-3792
1252
4172
563
-80
-6230
-689
-2606
3992
5699
9397
5321
5774
262
-6395
3285
6930
-688
-2070
-98
-8995
8165
4877
5210
-7198
-9535
9108
5586
8586
9597
6847
6600
6701
-5208
4436
2499
-9554
-2049
7702
5074
139
-3398
420
-9131
2581
3779
2936
-2407
-2703
1196
7076
2231
-5519
-52
1179
-1957
6376
8963
-2239
-546
-5338
3726
-1192
4395
8852
-7204
8621
981
5827
1106
2838
-1021
1611
2857
9763
4403
-2255
4008
-7372
-977
-2470
1514
-1712
-2610
-7479
-5385
2119
-3248
3614
-3608
6124
-8516
-9810
-1752
411
6414
7795
6025
-7983
-215
5159
-8046
1767
6192
8358
-1903
-9380
1624
185
6777
-9702
-7632
6334
8738
-8077
3149
-4563
-8583
1874
4236
678
1868
7368
-566
4982
1354
-1211
-6637
-7554
-6651
6608
1720
1990
2844
3865
-4425
9747
2097
-967
4425
-6005
-9506
6567
6838
-3907
3756
-4849
-8548
-3676
7262
977
6377
-5849
-2218
9108
-6710
-5413
-7667
-8790
-2996
9309
7258
-822
-3164
-9832
-1422
378
-6511
-5127
6348
3402
3341
2385
7450
241
183
5301
-9471
-6660
-8775
-3797
-2663
7039
-4816
2372
-9769
-2431
-5793
3737
574
-9012
7414
886
-7971
5117
-3262
1316
-269
6670
7516
-6623
-8339
6579
-23
-6140
7637
-6009
-3298
7542
-1076
-2011
-5943
8993
9985
-9200
1971
-9782
-6007
4464
9937
-8991
-3829
-248
4299
5360
5989
-7546
356
-7668
-6497
8867
-4430
-6140
-4175
7849
-5459
758
-2938
-8676
4736
6240
-9133
-3334
-5187
-7416
6931
8422
902
-8772
-6855
-3481
-2677
5267
6733
6506
7207
1910
-7721
4618
-2128
5182
3636
-5631
4038
57
-7581
-9803
3167
-7864
6260
-8787
3156
-7331
9729
-6304
-9859
9505
-5062
1714
8429
7567
1552
-872
9188
6984
1544
304
-2873
-681
-9359
2631
-1522
2445
3452
9554
-7396
6499
2628
4756
-9835
6733
-4746
-1234
-5032
-8069
3363
-5347
5538
3037
6365
7703
-3029
565
6189
305
-6370
-5493
-4819
7055
8514
2115
3071
-6152
-8506
-6372
2735
-9289
-782
-9826
-8908
-6357
-3124
183
1549
-8304
2313
-7214
-5841
7256
-6379
-3109
4766
4090
2955
-7061
-4340
7914
6257
-6853
5924
8097
1318
5574
6243
-1950
-6339
-8594
-2729
-8661
-803
2652
5436
5364
1944
2722
826
6789
9017
4493
7993
-9157
-9653
-2075
3434
1622
7350
8981
893
8556
7969
4822
-5545
-3930
-5750
-7005
2326
1302
3940
-6502
8035
907
5515
-7180
-1941
970
1455
9403
-7854
-9767
2114
-1129
8897
-8237
-4845
5080
7749
-6608
-7860
-5379
701
-5320
513
-1284
-6630
4375
-1804
-635
1113
-1052
-9604
9524
-7151
5518
6458
-2914
-4672
7528
9866
-7536
-9834
7948
6835
660
-3558
-903
5925
-7309
-9085
-830
-4753
-1067
-838
-681
2798
3354
-9607
-3201
9450
3684
-7227
-7910
-1711
3198
9838
2590
-3978
-6621
-4694
8069
-248
-9779
-6473
9677
-5546
2754
-2155
9854
-7727
4273
8451
-4495
-1551
-8057
-6299
1463
362
3530
-7281
-6897
-3308
8529
8078
-3819
9691
8077
-342
-6363
823
3852
-6925
2545
7385
-7154
9419
-4974
-4594
-515
-5135
-9956
-4492
-9461
-5475
-4824
5234
7268
3641
-3654
-504
-1626
-7773
2492
-9340
-7798
1377
1223
-7857
7346
9986
-3623
-6905
-5792
-969
-1578
1198
-4095
-1880
-4397
-7476
8676
-3943
-9123
-1335
-7325
7595
-3847
4004
2901
948
-7577
-5565
-6688
4141
-7551
1625
583
1885
5183
1470
-1804
-7118
-1940
-501
8488
6949
-8700
1509
6104
3979
-672
-853
-1962
-6179
821
-7684
-8650
-6174
7985
-5393
-4777
7220
-758
-3603
7563
-8059
9784
67
-3419
6798
-9386
4021
2938
4133
4329
5794
7998
1378
178
-4274
6295
4644
7900
8923
-8380
3276
6398
9491
-6680
-9867
274
-3244
3900
575
-3754
977
3640
-8337
1936
6546
7166
1233
-5073
9307
3364
5308
6210
3906
-507
5028
-5681
-28
3649
2259
-1687
580
9320
320
-5223
-5713
-4456
-9707
-3253
-3552
-3477
3859
-9880
-7638
-2114
-6649
-7847
6334
9442
3632
-1439
-4938
-283
8593
-4442
-3688
7066
-7509
-3
-1707
5814
-9699
3108
-8359
-7738
5667
1657
-6680
6887
-2351
1002
6873
-5515
8479
2784
9506
5188
3847
-3981
-3859
2874
-2015
530
-9983
-6302
-6750
-9137
-9273
-5239
8465
-2779
-6948
296
8455
635
-3778
-9249
8479
-9900
2219
1695
8833
9448
1793
-7370
1688
-9424
1238
-4191
-3947
1125
-6782
6473
-6145
5419
-2171
-229
3090
7944
9012
4804
929
8560
8423
-9573
-2051
-3424
-3969
-2156
-3439
8754
6709
3747
3800
4447
4042
-1462
8738
7387
2010
-7326
-375
4919
8708
-2661
-5997
-3420
-3559
-6965
-7195
6451
-2339
-9465
-8912
7416
-9234
-9727
-8976
1366
4681
-4888
4546
-6607
9248
-2701
4417
-528
-7328
-591
-8623
9291
1034
5704
-4067
6338
-4822
6011
9852
1083
6425
-8631
-9865
-7005
-4962
111
1093
6173
2658
6385
3680
3768
-2487
-2628
-7294
-3102
-1872
-3769
5672
1408
2922
4531
-6092
7032
-8342
-6485
-4583
1958
4602
-5250
2237
-5244
-9578
-59
4941
3312
-5024
1550
8356
-863
6207
8245
6814
-3713
5729
-2391
1777
-6338
2997
9036
-1791
8947
-9661
-1557
8162
-8107
7462
-6897
-8663
-8477
-5307
9136
-8430
-2093
-5853
-1076
3346
7572
2431
-605
-8079
6579
-2124
-3466
5202
4678
7718
7621
-8697
4050
1738
-8245
8961
5567
6542
3290
-5583
1979
1780
3048
5850
-8128
213
6833
-5557
7071
6674
-1094
-7861
-3196
4264
4205
1231
-6398
7114
1631
1071
3805
3242
-6517
-5824
9841
-8200
-2713
-215
-7063
-9825
-3996
1366
857
-5493
-8633
-4208
9383
3545
-9951
-3634
1044
-7910
8131
8005
-1189
5481
4500
9787
7534
524
5358
8453
-5090
-7781
612
8738
-1703
-1129
6009
-9928
-7075
-2953
-8494
6896
669
7540
1283
-7704
2897
-1587
1849
58
7065
-4735
-9974
1714
5111
-4521
5366
-5640
-2700
-2499
2251
2413
-5183
-2448
-3544
-1362
3895
-7371
7495
512
7536
9977
-6560
-6004
-9416
-8765
-2665
1271
-5802
2203
-3111
-880
8676
-4701
-8613
9646
-7808
8899
-6373
-7183
3506
1649
2772
5424
4797
-907
2078
-6883
1084
-7356
-1599
267
918
-8664
2523
7088
-8176
6031
1129
3875
8144
-5905
-9838
5098
-9389
-6870
3737
9519
-3836
-3190
-3555
4997
9003
4678
7006
-4114
-2796
-1983
-800
1491
-843
-5782
-9814
-8447
-6199
6623
8203
7340
2777
-5700
7821
-3839
-2231
-248
-5326
-589
1487
7675
4812
1666
5356
2560
6954
-5727
6199
3405
1265
6241
-5670
-3364
-117
3808
-3169
9638
-5282
3926
-6092
8609
1296
-6011
-5072
6398
-3259
-8136
-1010
-9717
-2773
-750
3
-2405
4400
-470
3205
7534
6136
6598
-2735
5913
-4646
397
-4642
-8038
3009
-3860
4417
-5988
9331
-1869
-4966
748
-4498
2878
-3622
823
-3263
8958
-4181
5089
5284
5915
-3822
-7986
-3763
6736
2237
-9647
-9397
-703
-6498
-1879
-3339
-2005
3254
-9101
8631
-7034
-6611
-9399
-2552
-5023
-9047
9096
-5784
9256
-7908
-8479
-6848
-7618
797
7178
778
2176
-9371
-561
-5781
-6656
5725
6274
3904
4063
-6591
34
-5371
6914
-5913
7508
9625
-4522
2192
-6229
5569
-4782
-2359
306
4962
-2918
7798
-3018
4643
715
7201
8221
8501
-3675
7343
4485
-2634
-6186
6681
5287
-2759
-2884
-3303
3385
-8433
919
4467
-2697
5168
-5415
-8103
7674
191
-2975
-8392
-4440
-5466
323
4478
7137
-4454
-1257
-8370
-6812
6862
-4811
1534
8304
9572
-397
142
5810
-1202
6905
6531
-1548
8521
4257
-1261
-5957
2616
495
1815
57
-1182
9528
-1970
1476
-5283
1782
-50
7043
-663
9545
-260
8499
-4515
-6491
6523
6379
9386
6164
-2269
-4435
4444
-3913
-1124
3286
494
3156
-2960
278
-8416
435
-5479
5052
6928
1573
4370
7335
7159
-9942
3587
-2210
9653
3099
-3528
-746
-2835
8032
-7033
5011
7735
2360
-5343
6453
-7237
-3750
5614
-7269
652
4744
-9019
1561
-5259
9673
5459
8903
5023
4689
-8430
3912
-860
9188
9220
9328
-7424
9942
-4088
-8655
9615
9622
-3879
2463
189
2029
2543
-776
-4223
-1931
2288
678
5960
1639
-3318
-7586
9077
-7975
-6952
9980
7640
-2430
4231
2476
6462
-945
-4129
8547
3140
-4671
3876
-7178
-9663
4269
-6884
1030
-1377
-1482
-8629
2712
-2871
-3765
3125
-3046
-7599
893
7953
7501
2505
6806
-9750
-9449
6893
-4067
-6295
2045
-4609
3645
6002
-8866
-3842
3997
6084
-9552
4193
-534
341
-8309
-1478
5653
3792
558
-9346
336
2850
1405
4445
-2724
75
-4432
1102
-1629
-3959
6335
-4922
3325
-4071
4405
564
1072
-4362
4978
2517
-9764
-3446
3133
151
2677
2761
2936
-9448
6262
-1022
6853
-6987
-308
9897
-3443
3083
2300
7600
8116
-6430
433
32
7788
-2044
9750
5370
-9132
-6464
5936
1128
7451
14
8814
8042
-9583
-6218
9718
-8746
-8232
4515
7140
-4984
4841
9393
-812
3321
5387
3428
9373
-8678
8264
3472
-2477
1408
-7916
205
-1233
-4823
401
7308
1892
-601
-5384
-4866
1527
-3161
-5800
1651
9479
-7226
3365
1046
5832
-6400
-3570
-4584
5191
8395
8768
-3571
9984
-2559
-5836
4614
2864
-6021
-7510
-2595
5957
213
5016
4541
853
-5539
-7378
-2259
-9600
-293
-2135
-7651
-880
-6265
3949
6598
-2043
-2783
7641
-6077
-5022
6668
5014
372
-3590
-6028
7325
-5549
-4766
2
2270
-2452
-5652
6795
5694
-734
-2241
8824
-9807
1371
-9023
8690
-4985
-4516
530
6418
7309
6248
3492
-2434
-3344
-4353
-3662
8568
-7573
9290
5199
-5357
-1869
-3120
-2863
8171
-7494
398
7438
-9683
8002
2326
-1958
-5317
-1161
-866
-2976
-3730
-7055
-3711
1652
-470
9843
-8
-3336
-8924
960
7668
-6654
-3378
-8791
-4220
4368
6405
4067
-6884
693
3313
-5766
-7193
6183
4618
-1953
213
8417
-5017
-1794
-1191
8728
7523
8624
-9932
5623
6139
-2363
-4331
-5200
8139
-9784
-3940
-2789
-5162
-2948
815
9108
2221
7958
1637
616
-4277
8441
3712
-7965
-9862
106
7035
-8518
-370
1576
-8319
2870
-7849
8941
-4176
-2001
-8860
158
8230
-1232
-1602
8316
2555
3096
8174
5596
1344
-2434
7232
1105
-3805
-2975
6569
8193
3005
9083
-5088
8034
5485
-3968
602
-5814
5171
-3437
8535
3190
-4940
-4102
-8772
-7185
7968
-7938
9729
-7131
-7782
-2593
-4114
-9385
-6138
-5458
8763
-531
-5750
8525
-4620
4657
6301
-6042
-4065
-3258
-6913
-6893
4674
2197
8166
-5789
-6856
-4009
4561
-5017
536
-4555
-3662
4417
3138
-5867
-2703
3700
5975
-4403
3196
-5704
4171
942
-2730
-8867
9936
6646
-8818
-6122
6890
-8899
9964
4486
9729
4860
-2611
-2469
-5296
8007
-5737
9895
-3946
8879
4007
3317
-6869
-166
-4613
-8753
-2640
-7399
-2016
-9663
3546
8791
-1064
-6269
-5073
7033
-5725
-3502
-5191
683
-1906
-566
-4518
1852
4689
8278
6744
9766
-1005
7968
-8666
3302
8243
5292
6936
3953
8002
102
1259
9936
6519
4288
3118
9626
-9060
-9063
-4077
-6342
-7397
-2328
3731
7765
5086
5372
785
-5427
-2166
1280
5146
-2891
-5497
-2406
3606
16
9003
-9756
-9452
3644
-3205
974
9031
4174
5240
-5127
4164
3806
6316
-4144
911
3752
2355
3086
7162
-8677
-5764
-6430
8216
-7130
-5493
2363
-3881
-3278
4956
-5850
5432
-1075
-9319
-6899
-9378
-9304
-9612
2279
6863
1630
-1358
9558
-7475
212
-8792
6979
-1743
-8023
-9632
-8607
4755
1417
432
2283
-4220
5433
-7972
7678
-863
4433
-5145
2308
9218
1089
-558
-4761
3124
3214
-4766
215
3363
-9925
6224
-4468
2682
-5321
-8956
-1996
-8338
-2472
-5895
-5859
-3647
3563
-604
-5986
8493
-1601
7322
-4811
8668
-7290
-6858
-7571
-3226
6334
-9661
1436
-9231
5969
-6146
5043
6744
154
-1969
4679
5194
-5100
9601
-8900
4389
4024
6015
-8392
327
-9286
-4046
-4345
-8307
-4573
-3254
-5275
5893
-9956
1547
652
6933
3795
8758
6348
-5660
-391
-2766
-4307
-6326
-938
-2603
6200
-4469
4717
-1179
3592
-1202
6221
801
-5356
-3304
-8467
2102
-3940
379
4684
-258
5343
-777
9130
9151
6700
8608
7379
7746
-8602
-3857
-6748
6761
-5221
-3211
321
7935
-8736
3317
-245
-9876
-3023
6607
3155
5927
9672
-757
-3098
-6044
5399
-8308
2697
-4031
-344
9867
1892
6471
-5456
-88
698
7593
-1848
6971
-2578
-2551
-4454
9461
-3979
7855
6375
-6401
837
2744
-9376
4560
-7235
8737
6069
-6798
9480
-2543
1705
3423
-7654
9707
3446
7284
-2896
-5087
4898
3851
3390
1353
-7381
2162
1972
6
-816
-4295
381
-9790
-6779
-952
-2418
1800
856
9954
-4656
5097
7102
3156
-9598
-8658
432
-6759
-4112
4730
4625
-2284
4004
-1738
2356
-8892
-7043
-7477
210
9484
124
-1538
-7412
2760
-448
363
2822
9269
-5765
-7344
-4159
547
-1149
3492
1940
2008
-2189
-8258
3448
2048
-9079
9379
-3726
7242
5381
-8532
1702
-7881
-2145
-7888
-3909
-4942
-8410
1372
-171
6882
2509
-5659
-6397
40
-1480
1163
9006
-6769
-1111
-5923
8866
-9489
6323
-9653
3298
-8785
-924
8162
8563
746
-7812
-4654
7379
-1917
8662
703
1414
-7878
6566
-9218
-1043
7479
-6338
5058
9500
-6531
8139
-6592
-6473
-242
-9628
-6958
-1647
1304
-7397
1190
-4203
-2493
-1185
-5124
5983
-6572
2809
9084
4694
-2838
-3037
5520
1379
7818
9750
6883
-3334
-1894
5121
-8614
6849
-8736
-9152
-172
-6924
-4333
4635
-1196
373
9146
6994
-3925
-4520
-2529
-5095
-6093
3308
1689
-5200
-4471
-5330
-5421
-9637
2337
6507
-7382
2030
-4291
9
-6511
6377
-9754
6183
-8784
4341
-5468
-3342
8988
-8201
315
-1207
-5996
-1289
5549
169
-9112
40
-6093
2913
5842
-6425
4977
-6694
-408
6717
2270
-9100
-1488
3322
-9542
3637
-1075
8796
-3117
-7232
6747
-108
-5737
3130
-9627
7249
4320
-110
4485
6736
-9335
5868
-5185
-7833
5618
2578
-1878
2797
4167
9914
-8601
6940
-3409
-5500
-7929
-6369
8147
-4335
-8660
6678
9869
-4791
-8173
2780
3423
997
-4224
778
2539
8594
-745
-4913
-1179
2857
6052
6403
6085
-3656
7704
-2120
-4485
6129
-5372
-3031
-8631
9807
-6700
9764
1059
6742
9102
-1345
-1451
7807
6868
5456
4041
2036
-1255
-5379
-3198
7345
-9743
5573
658
6312
-1882
3735
-1551
-4331
-2453
1802
-2038
3460
1163
-6261
-9419
4858
1410
3616
-2304
-3987
9720
5798
9493
-9400
6539
1015
5990
-9405
-7639
-5951
7600
3083
-8922
-1830
5871
-945
6311
-4943
1688
-434
1314
-4610
-805
-2700
-9308
5089
-3357
3128
4875
9183
-9375
5129
6926
-9211
7626
-5540
6081
58
9774
7104
7746
-2147
-6693
-6503
4202
4879
2382
-7007
-2131
1526
8547
-3648
-8073
8130
4699
4330
-3397
2192
9908
-8551
-5629
-7138
-4279
-6821
-6577
-7530
6157
-9711
545
1410
2974
-3747
-4716
4585
1821
-6540
-7918
-4303
3098
-4187
-7293
-6350
-4742
-6652
-9365
4273
3202
8797
-3910
-6704
7858
-6112
150
8324
2732
4883
-7868
-9873
-9926
1731
8723
2093
2448
6459
8552
2294
-8932
-2657
-3692
1238
2247
-9095
9095
4094
8743
-9279
7604
-7628
-7456
-850
-731
7361
4199
-2751
3553
-915
6104
-3039
-8148
6938
-8672
-8045
-4377
-8634
-2909
614
1202
-1201
-5204
-1658
3205
-4141
2488
4852
1050
6952
-5206
6056
9581
2011
7280
9761
7584
924
-7538
-8639
7894
-4801
-7094
-533
6190
4107
-4509
-630
-90
291
5283
7729
-2997
-1872
-481
-1196
7576
4202
5945
-6590
-5127
9347
6200
6601
-5709
-9952
-2619
-159
9659
-8433
-5629
4700
8904
-4270
2721
-3997
-4107
5330
2152
9099
-9632
-6883
-5058
-9242
-8331
-2934
-947
1452
-7508
-1525
-7816
-6619
4979
9053
6489
8547
-1000
-3695
-4824
6142
-3274
5650
-288
-1657
-4081
-9417
8825
-8728
5408
-6484
-7089
-7754
-7950
6847
-6958
-8245
4405
5442
4932
7225
996
5929
-2651
1183
9384
-9010
9721
9852
-758
4174
7003
9588
154
6011
2373
-5282
3405
6600
4839
-8914
-1758
-2220
6045
8976
-4437
9939
-8669
8132
6010
4733
-5858
3559
1374
-2049
-4855
798
-1700
8529
-1041
-5071
-9138
8973
2031
-8767
-3487
-6676
2092
-3961
-5526
8324
-1650
7806
-9398
3845
-1017
-6784
9885
-1627
-4380
9445
9660
-8412
-6159
4510
32
-6556
-1786
-7797
866
-8426
6418
4877
-2360
-91
-9777
-731
5749
4811
2463
-7761
-2154
5292
3658
7686
-3618
-3664
2956
7529
8968
-8071
914
9927
2909
-485
-4730
9275
5131
7522
1202
-6932
5111
-111
5174
-7101
-8094
3474
166
694
3622
9715
-2533
-4927
5911
-6620
1599
-5633
-2069
-3844
-1873
-6304
489
685
-6765
-1064
661
6491
-8033
8125
-5361
-9051
4138
8228
-6391
-606
-2871
7957
-9883
759
5780
2908
6170
-7738
-6093
9254
4463
-4160
-5984
-471
7917
