-8353
-5324
-9490
-27
1261
2497
5922
-7438
-6430
1508
-7427
-5771
1120
1522
-7244
9903
8941
2911
3606
783
-135
7366
-9153
4002
528
9255
8225
-1670
-2632
4005
-5753
5171
2548
919
1732
6522
2495
-8447
6489
7383
8217
5434
877
2114
-3987
-6129
-783
3288
9429
-9332
7746
-3967
2656
-6940
7128
3548
-9705
612
-1790
-1681
-4151
-8108
8170
-4456
8537
-8862
-8844
9024
-1906
-688
561
4810
-3119
-1467
-5296
2830
-9428
-4595
8729
1397
-3481
-6387
-8041
-5806
9510
-2021
-5457
3360
2124
-5367
-8582
-9023
-540
8345
5300
-536
-3447
5379
5119
-5575
7908
-7517
-1607
-4335
-2796
-1329
-6767
1562
-8292
-3266
-6088
-4207
1061
7173
9090
-9882
-5948
939
777
-2127
8674
-1131
7503
-6639
3736
1691
-5499
1081
-6987
-8714
2294
-1098
-1874
-6157
8253
-4488
3655
4863
9277
-9563
-3188
7277
2762
-8847
3968
1951
-4947
8401
8680
5842
-7337
8109
-7647
8041
-6215
9206
-7450
-2575
-5992
4810
-1125
-2857
-6004
-615
-7999
-6876
-3983
6644
2959
-3907
1276
-5398
9053
-2005
8121
-5630
7882
4414
4792
6692
3003
-5998
5864
4776
7179
-528
-3102
-9816
-2501
1555
8846
9499
6855
4622
5278
-233
5943
7076
-5778
-4494
-8445
-8464
2811
-2559
-3700
939
2952
-4650
-2298
6275
6185
-6626
9857
8112
3560
6655
-45
6237
8853
-1610
-6631
8835
-2965
6091
9389
-5986
385
4029
265
-8961
-7596
1710
3519
-8196
5185
-5835
3530
3858
2275
7540
-4661
4623
-5686
-5529
-1043
-4911
8198
-2452
-6352
-4286
-1799
-8419
2741
9582
-5531
-130
7883
-6355
-7817
-6199
7035
-7333
-115
-6163
-6633
-9572
-2703
534
-5457
-7683
4943
-4431
6160
6668
9365
7124
-5368
1140
-521
-5448
1272
4471
5747
5921
6802
8573
8616
-7613
3622
9801
-7431
-4489
-5620
-4858
5124
6596
7280
2176
3320
-3386
4122
-7288
4983
-5393
-7927
-6453
-8485
-6444
-5297
3082
-9871
-6495
211
5689
-4660
-6603
5699
-3018
-808
-5003
-5728
-9179
-5753
-2384
454
5059
1028
-6420
8541
-8954
5182
-6989
-8642
-139
7701
-2119
5830
2367
-208
1609
7701
3222
-193
-8154
7360
3009
-5207
-3791
9049
2265
-9737
4863
-9720
-2271
8928
-8175
8362
9521
4204
1317
3503
-6641
-1408
7205
-4103
7827
-123
2555
-9792
-4327
-5645
-8452
-5189
1699
3049
-3811
8913
-7155
-4029
528
6230
-2939
-4918
7083
7116
1231
6566
-7905
-5220
727
-5648
-7052
-3366
-2804
-8253
2356
-848
-9294
5997
-430
-9117
-1850
8578
9781
-310
-9827
-9619
-4991
1194
2875
3998
-4794
-9883
1268
-8620
9849
-2832
5321
6689
-2866
-9987
-2449
-3306
1702
-1319
-1228
-7630
5708
-7013
6888
9833
3572
389
-2042
9049
-5094
1855
-4050
-3502
-1099
4271
-807
9370
-9690
8731
2419
-2621
-8346
-9252
565
3533
2380
4548
-6782
3592
9930
-6997
3003
3357
-6044
5872
1776
3985
5268
3754
184
-2080
5163
7858
395
6516
9274
2018
-936
-2523
8648
5486
8237
6453
7423
4955
-3815
9764
-5881
5176
4673
9369
-5743
-9600
2030
-6885
1690
-5480
4610
843
6554
8664
338
5593
-4710
9296
-3622
8097
5114
7042
4360
-8438
-6909
5412
5997
-4146
3499
2085
1772
2181
-8898
-70
-2659
4712
-3150
5278
-7458
-2009
-6292
1260
-7219
-8863
-9106
2540
9979
7544
5298
-925
8885
-1106
-1008
-7996
378
5031
-3629
-9613
1407
3406
8558
-9975
6166
-6264
5934
7615
-4132
7850
9058
5253
7612
-4396
-6731
-7102
-3197
1458
-3822
1242
4372
-8764
3808
-6035
-6895
5210
-885
919
-5368
-8677
-4048
-3087
-7952
-6904
5969
-4224
4667
-2097
9250
-1941
-967
-8825
7501
6352
-6193
9520
-8073
9833
3257
-436
-8564
7473
9690
-7890
3865
8754
984
6588
-7202
-5338
-576
4526
8681
-838
-5412
8439
-961
-384
-9396
-8835
-8408
-8483
2434
-2961
-2210
3178
-5683
280
-184
9991
8490
-995
-6444
-3390
5008
8573
-7921
2961
8166
-8969
5316
6653
9480
-2981
185
5430
5127
-3728
-1474
-3235
9004
-4278
-3358
3194
-5509
-6731
-6636
188
2336
7554
1497
-2332
-8182
-3992
9142
-5230
-4254
4208
-6237
-9018
-8654
-7081
5453
5153
9867
-5651
9530
891
3727
-2119
5417
3421
989
-6089
1383
-8958
-1373
-9410
9900
6144
5742
-9105
-3817
-8420
7007
-2559
-3466
9744
6714
7122
2897
7248
9076
736
-2939
7320
2843
-9719
-4189
-733
6866
-6010
-8716
7735
-4058
9275
-8950
3013
-3676
3302
423
5415
-9251
-5584
-9688
3560
1865
-5556
8316
-6888
9475
1184
3287
2438
-5185
-6643
-5966
-9397
-8403
115
7598
2295
8506
4048
-7184
-9628
3515
-3792
1674
-9273
5240
-7084
-2696
3507
3933
9651
-2259
-4867
-9669
5010
-773
305
777
4351
-4212
-7383
9671
-9624
-6566
-4625
-5854
-1465
-9069
1238
969
-7282
-7950
4895
-9777
-1229
-3254
-9350
-441
5407
7960
7658
8310
-8773
5289
-329
3725
-477
5109
6645
6410
644
4894
4249
-7266
-983
-5104
3203
6223
2480
-1514
-8735
1134
5053
3200
-4947
-6999
-1166
8886
6931
-7376
-237
149
6916
-5067
-6352
6451
-939
1049
4436
2300
9132
-9059
8953
5227
7323
-4275
5085
3264
7256
-595
-1714
-5023
-4367
5426
-4690
-339
-4588
437
-8520
959
-7994
2590
-8851
-8141
9681
799
-7221
-5224
986
3670
-716
1791
-4847
5430
9033
3963
-3759
6674
-9603
3132
-1239
6274
5749
-4412
8886
-3951
-5035
8619
2292
6789
-8357
-9765
-1465
-7353
-7750
-2015
7812
7394
5241
7388
4325
-1371
-3289
5984
-2307
2505
2627
-6184
-6201
-5698
-1801
4104
-6274
-1430
-3234
4428
-1979
-6688
-3713
-7588
2010
-8033
9986
-4897
2812
-6304
-6728
-1930
4000
4084
5126
1198
1573
1885
-4593
-8910
3668
7643
-3284
8348
6941
7639
-9678
3983
3542
-2751
-3185
-46
1952
-8393
8642
6133
8167
9735
-169
-6741
357
3133
9446
8417
7064
9562
3220
-7679
-1293
-7955
-2789
-1263
-4371
1721
-9823
7735
-9765
769
8915
5675
-3072
-1790
-7830
3646
-9512
-6201
-1895
-1764
3742
-2395
-3126
-1248
-6548
-8545
-8276
-3383
5698
2054
-8525
6424
2903
-2259
-8135
6418
2857
-677
5773
-2480
4701
6774
8316
-7434
1883
7118
-7614
937
-2499
4410
6252
2553
8486
1929
-9822
-8287
5292
-802
-3183
-5934
-2304
1775
7936
1158
8559
-9218
-9261
-3895
-7180
-3502
-511
541
-7037
-3036
3013
8136
-2893
-9755
4580
-3520
6545
-8934
-9678
-1681
-781
-5252
8467
8074
5893
-229
-7014
-2775
-441
8315
4969
-269
-7313
3987
1288
-7505
5603
-6341
6186
-3177
-7637
-2935
-1640
8328
-921
-5501
5504
-2205
1261
-1449
7747
-9943
-5294
-2550
7659
4023
-5323
9855
-8321
7444
5638
7204
619
-1746
-9730
-7906
-6330
-6518
3624
4000
9623
2927
1627
3476
-7171
-2807
-3403
5999
-8408
2061
6802
980
6231
-468
-5242
4244
4811
5839
-3534
9271
-6607
5797
-3991
-8203
3644
-9557
-7434
-4425
9386
-3274
-7060
6942
-7648
5754
-4491
1526
-9832
6962
7145
-541
1839
-3510
6515
7820
-6227
1951
7204
6328
7683
3416
4373
-2012
8573
-4715
5095
1916
5019
-6475
6260
-8146
1931
6996
4598
-3616
3070
8896
1912
-5162
-1382
8386
5230
-2495
1049
6488
-6810
-707
4756
347
4665
6403
-9188
8192
-1054
-7421
-5723
-6343
6366
8693
8836
-3782
-8758
1876
-1212
6248
5084
9317
-8636
825
7158
-1754
2271
-8050
4912
-577
7429
7645
1727
5567
9125
-5713
6557
5919
-8897
-5244
6332
-1444
5917
-2415
2987
7607
4787
-3829
-9210
-4127
-878
137
4597
8967
5406
-8072
957
-8135
-3715
-5165
6646
9974
9902
-3372
-5352
4370
3574
3810
-5906
-121
7820
-468
-6862
5551
-4471
6891
-6224
5899
432
8622
294
-191
7039
8225
4710
3615
-2812
-1540
-3550
-1991
6168
594
7303
-2047
-258
-8111
5578
9926
3975
-8296
1994
-1627
-4580
6069
9204
610
-185
-530
6211
2225
4500
2510
9760
6600
-1202
2895
-3813
9822
1535
-3510
-9001
-7389
6174
5802
-1670
-4186
3248
-4558
6562
7727
-5255
7930
3507
-974
8511
-8807
-7464
8476
3455
869
5512
-1630
2551
-3785
-8168
5720
5687
9461
-2176
-4636
5717
-9080
2346
6103
-9
8793
7831
-9613
-4507
4850
7315
-3901
597
9382
-1135
-8431
-3987
9459
6531
-4741
3772
7137
448
3791
-1603
1930
9479
5307
7694
9193
-9200
-8303
1457
4697
5802
2191
5592
670
-3676
3255
-4550
5374
-4522
8606
-8784
3589
9549
2291
5886
5948
3405
1627
-873
-4460
-7499
-1574
1069
9158
3885
642
467
2558
-7651
1112
5332
5257
6823
-5471
-3169
2315
-6403
6112
2424
4686
-642
-2507
-8433
-7737
-6958
-1097
9701
4486
-8511
-6792
-8070
61
7474
5969
3927
-1440
-9376
-1353
323
7705
4335
-5569
-60
-1514
5449
2793
3062
-1848
-2585
-6774
3734
-5979
2971
-2920
-2302
496
7826
-2967
-9879
7888
5377
8621
-412
-5820
-8043
-8715
9323
-2738
-6845
5215
-7556
-7398
-2341
-7764
-2628
-388
8650
-8043
825
-405
-9244
-4252
-5438
-188
-3609
8998
1210
-7412
-5920
8303
5740
-8384
-1525
6390
-4126
6877
3713
-5922
85
2247
5497
-518
-3519
-4335
4100
9281
1006
-8354
-9912
-4418
-4533
1232
-6802
-8908
-1636
-6385
-7623
220
-8467
8850
-7608
1146
-6093
-3170
6047
-1392
9521
5563
-4563
-2053
-1475
-8938
-1936
-6084
7713
-9542
7379
-121
9051
7422
-6919
35
-1164
3815
-8787
-6252
9189
3679
6153
-2727
9320
5083
-5319
-2028
-7458
1732
9179
-990
-5127
-7602
-8142
-5037
3994
-4029
6615
9404
5553
-6097
5686
-979
-6857
-949
6381
-7080
-9254
3858
-3126
9732
-9589
1629
255
6264
6737
-4647
6644
6119
9262
-7393
-9431
1650
6112
7149
9088
-1594
1945
-5363
802
9172
847
9698
3229
183
3456
-3048
8309
6639
5693
8183
9583
-5601
6901
3937
-7186
1592
-840
2895
3879
-6013
-432
-3867
-3445
2236
4284
5703
-8911
-5693
87
1053
9202
-6195
-3717
8339
-8377
-5088
-7523
6993
-8688
-5398
9967
-4388
-1637
1419
-3092
8428
7435
-4144
2840
2320
9762
7290
-8439
9739
2364
-4155
740
-3479
3890
1273
8453
7316
-1518
-2277
-4748
9961
-3183
3398
3375
1600
-8295
-5913
-6923
580
5200
2900
-5480
9154
-2726
3184
-957
-4199
-482
6279
-4203
-9268
6184
-8200
4662
5890
8455
9678
3779
-9700
8207
1469
6122
-1463
3747
-6110
-5947
289
1533
3237
-2570
1100
-1617
8164
6767
-3883
2923
-500
-575
-5600
790
-4174
870
-7214
993
-6003
-4384
5128
-1512
9082
-9572
-3582
-1394
-5423
7966
8996
-9624
3264
-759
-6736
-9635
-1891
-6407
-6269
-5646
5011
3457
-831
-6012
-613
-3452
-5083
5293
8165
6558
2372
-3153
6242
3231
-3903
-7720
1095
3296
-5783
1
721
3740
-978
2297
-6129
-8913
-6971
-6305
5362
-612
5328
2711
1243
-3546
-7219
-8836
-20
5036
-9988
-9186
2555
-7480
5939
-6490
9735
-5085
-3029
-7498
-5763
-5629
-9286
-2780
-8923
-1695
-1347
-9701
-77
2751
-4871
2485
5526
-1011
-4924
7189
8163
6913
3134
8055
8968
9466
-5926
1126
-1798
-7677
3467
-4194
-8332
-7701
-2687
-4194
3999
9874
1068
2162
1996
1228
1682
-9516
-7346
4706
-7262
-2058
4521
2935
-9969
1675
5343
4559
-210
-2484
-9185
-7691
7790
-1960
-9163
1872
5712
-5899
110
-9053
-1519
-5787
-9950
2946
7362
7150
-4708
-9359
-7885
-7696
6642
-2876
7295
6370
3010
-536
-8047
1659
2539
-4980
-1926
1131
-3457
9206
-4170
3980
-9907
1724
-9409
-5564
-3891
-7066
6333
5622
-4766
2338
6197
-6981
4920
1957
3811
1552
-5708
-1624
-4016
-5559
-63
7962
-5906
6168
1060
8625
2132
4902
-4431
-2960
-5982
-2978
2380
-7223
-1366
5810
-457
1619
7054
4258
-1142
7730
-4535
2694
-6053
-3513
-1187
9346
-6924
-7253
-471
-9337
-8107
8657
220
-760
-5518
4679
3842
-7144
-3102
-8938
410
8165
-8945
5723
7714
-7456
-6291
6708
9552
5449
7284
-1351
3882
-6852
-8707
8675
6739
4760
-413
9961
-8570
3787
5640
6718
-7370
10000
1717
-8892
4563
494
-2553
5054
2186
-3967
-8114
6221
-9493
-259
-9719
-2308
-1705
1946
-2925
-6552
4945
6178
6799
6535
-3519
-4658
-2272
5247
6707
-8164
-3062
7485
1804
4377
-721
-1312
-250
5806
-3522
8220
8118
191
8596
-9331
-2956
7020
-7319
9309
929
3173
7499
540
-4588
7671
-1071
-4984
1083
7198
-7648
2334
-7450
-8412
2535
9359
7791
2060
9270
4577
-4119
-6977
3366
-8419
-6398
4223
7733
-1022
4083
1567
-4634
-5532
-9926
5297
1887
7315
4742
2290
4973
-5464
7292
3749
990
4586
-7486
-9458
7558
-2183
-6848
-9747
6888
7905
-2186
-4362
-3506
595
-4402
8384
9842
506
-9212
-871
-8063
1043
8890
-4085
-4331
7214
-5481
1375
-3467
5253
-1284
179
2086
5200
-4173
-9401
1334
-5684
-9322
-851
1183
3341
-8278
278
-7273
4833
7009
4543
-3826
-9479
-7220
7834
-6958
-3707
193
9516
-8679
-3030
2618
-3819
-4926
-7471
-9498
7867
6449
9008
7641
2257
4180
3817
-8943
-2613
-8001
-4894
1772
8810
2090
936
4085
5215
790
6191
-4168
-9840
-29
-2166
5882
-9881
4937
9613
-563
8469
-9754
-7247
6996
531
-9637
-2318
-4505
-4904
5786
-91
2986
7241
-5077
-144
-6016
-847
-3136
-2816
-5010
3600
-2481
-5856
2345
-963
1391
6833
1687
2694
2916
9309
5667
-8665
-7508
-410
6668
141
-9599
1268
5943
-2097
1955
-4649
2882
-1074
9329
2189
-4435
-6521
-3457
6982
-8638
-6368
-9382
6086
4580
4224
7997
7868
-9774
-6019
-8012
-2395
-4136
-6718
9082
3543
-3273
-7596
5371
9557
1448
-7635
-9362
-8874
218
-7170
1698
-1084
-7959
1888
-7673
7165
8354
1743
9003
9662
-1581
6613
-7592
3011
-6053
-8617
-1003
2949
9806
-6406
7992
-4158
-7080
7427
-9528
-9110
1470
1738
-3298
688
-7132
-337
-3812
605
-5017
-258
1170
9368
-1443
3585
8839
-6609
7681
-2957
-3644
447
-6351
2514
6477
-717
4121
-706
-4908
-881
-2457
-6710
5418
5155
-9645
9866
-7923
7718
-8721
5967
-6944
6139
-6073
9132
-7925
9168
2179
7932
-5467
6989
4349
8752
-303
9715
948
-3610
-9248
6668
6285
-5702
5000
-4174
1137
-3765
-186
-5282
9060
1173
2570
7726
-9638
-7282
-208
3714
-8749
-9072
3862
-2326
-2067
-6418
-8235
-5410
8091
8540
5768
2923
7527
-3347
-7426
5617
8433
7623
6566
8524
7284
-2993
-7003
3225
-3624
-1844
5118
-2563
1873
-9076
-7614
-6032
8426
-3151
-7305
-1519
6732
-5100
-9368
-1589
-1020
-9222
4921
715
3511
-3115
-9371
5002
4577
1908
7334
4519
-5226
-5101
8449
5732
-8016
-3244
2180
-875
-7391
6921
-2818
-6479
-654
7137
3546
-1877
-7335
-3819
-532
2389
-1237
-3619
7964
-2456
72
-990
-9725
-6781
4063
3504
2870
-6449
-3087
6184
-530
-1993
-1175
9862
-6505
3402
-1830
-6099
1119
127
3608
3918
3018
2926
-3444
3460
-1130
636
791
6533
-1794
-1346
4092
7492
-3245
-7557
-1650
-3952
-3277
4626
-5739
1831
6798
7731
6949
-7584
-2557
-9631
9183
-9229
-6957
-8701
-3252
-8184
5625
8780
-6054
-6477
-7225
-8380
-923
1330
-3552
-4055
-6798
-6817
9518
8962
-1008
6968
-7790
-8494
-1382
5910
6883
-3709
-643
3648
9609
-7165
-8781
-6192
9982
6054
-4877
5655
3007
8017
2390
7367
9104
-2431
1815
-4963
-9076
-732
6592
-7236
-8698
-3552
-3580
-5359
5955
-7550
-5708
6847
-5218
4688
-9267
9901
5255
-3931
6639
-7871
8878
5043
6192
-2288
2517
-5421
-6202
7306
6434
5839
6600
-9098
5841
5051
6321
-6523
7221
-4373
-6338
-9279
-1081
7541
-9310
-7471
-2697
4119
-6853
-4995
1803
2257
-8505
1952
8641
-4417
2111
3432
6558
127
-6758
-6652
4326
2721
-4878
6071
-9540
271
4147
-6343
-23
7683
-6781
-4297
8451
-4730
7273
-4698
-6362
-4883
8075
-5744
-7400
-5623
2011
-775
-795
8271
777
-6195
6973
3334
-7963
-5282
-2201
3920
-6593
-6610
-381
-3601
178
3988
-128
-6512
8388
2413
3455
6899
8057
1275
6797
7354
-1560
4087
-5765
9636
-6431
-9909
-8915
-1049
3187
-9930
-7768
4664
6130
-3743
4306
-2543
8759
391
-687
5835
1409
459
2001
5637
-5396
7683
-301
-4463
-5366
-6931
3997
-7985
-9397
-9063
-4105
9490
5067
-5380
7839
-9220
-3966
6909
-8714
3347
3259
430
1981
-8515
-3949
-1008
-5568
-5422
-350
8674
-1498
6922
-7981
8072
-1403
-64
1150
-4506
-236
-7835
5079
-7305
7395
913
7301
9537
4795
-9321
9602
7231
8484
3413
-5227
-6650
-6165
-9650
7792
-2451
-559
-9827
302
1798
689
3742
1967
-2058
8373
-6743
-1888
6022
-8977
4081
-69
370
8143
-4153
-8258
-5587
2065
9756
9887
-6684
-8065
1916
1303
9308
-6213
-6037
8597
6270
-7610
-3861
-6326
-3424
2054
7243
-6075
6971
-64
7957
8067
-8514
4894
5337
-162
1838
-5835
8264
-1288
8396
5128
9947
-5005
-9290
-5977
-7885
-1118
8926
-4047
-8479
-1813
7272
7598
6067
-2419
5776
7370
1056
-2212
9566
3639
-3784
-6405
-1238
2383
-3848
1525
-8973
-7565
-8116
5404
-9857
-2729
1359
2914
3580
-8417
199
-747
2113
-1666
-5712
97
-4658
6711
-3636
-490
-6402
4873
5263
744
3757
-3513
9909
4521
-8634
-995
-5240
5195
-4200
6309
9209
7376
-4044
7893
2075
9620
5186
-7638
8097
1783
-1468
1076
-5827
2986
-5463
-262
9632
7777
5524
75
5462
3549
2179
-7056
-8080
1870
1522
-8073
-7900
9107
-7120
-1663
-7639
49
5168
-4674
-504
-8029
-4219
-5136
-1466
4937
-2997
-6132
5637
395
2042
-6500
-2095
9815
-5993
1897
-7598
7973
6486
-7459
4535
-8499
3097
-3972
2857
2892
4962
8987
-8638
1373
-7639
1608
8839
599
9031
1022
7448
-4628
2668
-7734
-6618
-7109
-4991
1670
-9155
1419
9902
9973
2763
5340
3467
-9542
3038
-3087
-7817
8660
-3173
-5076
7928
-1728
7999
-6195
-7654
6723
2143
-1487
4092
3695
-6151
9891
3893
3911
-4957
3593
6896
9471
-3774
5949
-3155
-9705
-3922
4617
8606
-8490
4355
-4057
7927
5776
-4000
5927
4808
9921
-7906
6376
-2586
2760
1330
-8111
-9025
4249
-8710
-1850
9594
-7180
-9746
-611
-7659
936
-9162
-1563
7522
-2831
-1477
5880
-2402
-2009
3674
1516
8297
5099
-5090
-4138
7444
-4830
-9181
2745
-6430
590
-7921
-7136
-9090
-4886
-2983
5581
-4903
2464
-6483
-4555
-1353
-7337
-4878
-6675
2875
-9758
-4051
-8564
-2815
-8078
-4427
-8196
2298
8084
9683
-3787
-3927
1796
3219
2496
1878
-8302
-8446
4191
8467
-3053
-5602
-578
1679
3970
4870
9743
9217
-1748
-8402
823
-663
-7864
-7803
-2042
5119
-5826
-3228
6876
-6063
850
1790
4050
9104
6693
7212
1673
1275
-9484
-8646
-7436
759
-4907
-3351
-6087
-1098
6905
-5667
-6606
3805
9778
-7723
-5178
-6401
7293
7469
229
-4707
-9219
-837
3196
18
-1396
-3502
5298
-3312
2567
338
-6279
3418
-9443
2244
1445
-3044
4250
5315
9136
-2512
9879
-2498
2206
9265
1991
-2195
-604
380
-6506
1933
-9934
8724
9471
-5133
-1155
-5411
71
-2134
8246
3356
782
-9113
-7071
-8232
5415
7250
-3248
-2297
-9595
-1773
7044
1202
-896
629
5330
8615
1336
-5232
1244
9940
-6501
5625
6501
2237
8047
3196
-5755
7466
5031
1461
4767
-623
-6752
-9649
-7528
-5298
-9118
-9803
3277
7783
6830
-3931
2168
-601
1651
1316
-4435
-2974
-4113
8732
4347
-231
5292
-423
5283
4365
-9734
-8813
-66
2876
7882
-1584
-9620
7650
7588
-1194
-8333
-2309
6466
142
-4910
1933
8634
-3779
-3269
6253
-224
-7178
-9249
-4886
-8998
8685
5308
-8025
1266
695
3020
-6661
3290
-6168
6685
-4
1093
-7652
-8959
-613
-338
-7417
2834
8159
3871
-2676
1248
-2730
9778
-9631
-3825
-1966
4176
162
6186
5924
-8010
902
8606
-4900
7655
-1678
-6107
655
-9268
3186
-5776
-1203
6244
-8406
7917
-4487
7272
-2399
-587
4443
-674
-592
4643
6012
230
1537
2737
-3109
3970
6933
9623
-1003
8516
-1720
3222
-5720
-8944
3650
2426
3076
-1713
4627
9792
4480
4343
-9982
-8188
-4878
5659
-4080
3388
-2772
-7785
2578
-8613
6240
-1623
1603
2018
-4189
7308
-5685
-4385
-8268
-6707
4736
6430
6831
6712
-5973
-9479
-7762
-9701
-9243
4497
-816
3464
7243
-1216
3421
7496
-1189
8127
-8396
6196
4658
-1275
1386
9346
-8435
1108
-8714
5619
-2517
-775
4368
-7667
-984
8940
-7545
4910
-4207
5467
1966
120
-253
-3583
-9218
-932
9523
-140
8092
-9800
-2844
8814
-1157
3306
-2920
-8762
9506
-7591
2356
-9342
-9018
-6110
-6726
6687
-1223
-6108
-9902
-6040
-2212
1141
6005
-8568
-9398
2372
-1631
-2673
4609
9197
-9986
-5204
-9264
-2822
-2490
7637
1800
816
4663
6000
9467
-2215
-4307
-703
-9488
9868
-7957
-5334
-8702
-4566
-9766
-3528
-4147
-4102
-7158
6201
5312
-9609
-7714
5819
5058
-4444
-2861
4993
-3143
381
2274
8590
2769
-5095
-259
1570
9542
8668
5797
-3124
1025
6917
-4819
6536
6930
-9455
-3584
-9102
-1638
-5457
-3345
532
-86
-4988
277
3543
1940
9260
7674
-2647
4693
-5959
7539
3554
-268
-9351
6831
-3055
3462
2454
-9066
1526
-2217
6956
-1071
-9889
1875
-9188
-7159
-1194
7880
7049
3053
-3839
-3474
1351
-8733
-5781
1762
-9341
6627
-8113
7489
2593
-9155
-5023
4655
108
2775
4969
-1411
1942
8724
7354
-7342
-5963
-9214
3359
-3562
-3090
-7369
1736
-1883
20
1835
-6033
1882
5613
-7993
5724
4674
998
4443
5613
-9806
-107
-5604
4190
4475
-7784
-3090
6747
-4363
-1635
4905
-5039
1821
4113
-6738
3898
-3036
-3612
9995
2096
-4854
7223
-605
-8163
7386
-1303
5734
8810
4869
3788
-3362
-7692
-2029
-1908
-2188
9517
-2075
5971
-5165
9498
-6474
-472
-9271
-542
-9812
2651
-5424
-6748
-6173
6304
-7751
5268
-3926
-6508
7988
-6360
1407
-9631
3025
-3306
-9752
-94
7381
5975
2128
2997
-3653
8639
-8124
3093
-5007
-3163
5574
-4364
-84
-3166
5429
6410
7024
6410
-1304
-4233
5822
6258
-1160
9948
-7224
6741
-1778
-5287
-6958
8114
-8885
-8658
-1330
-6607
5308
3788
5043
9587
9456
-7978
-7780
-5665
5765
3057
-7822
593
4896
4675
-5235
1928
4692
3197
3706
6453
-6132
6203
6233
-4948
4147
-775
-8073
7562
-8682
-2562
5270
7569
158
-3956
429
2863
-3017
9628
-5532
1275
-8254
-3946
-3576
-8871
-4703
-1142
3736
4481
7638
821
-7035
6609
-118
5299
3314
-5384
-4734
5647
-3831
702
-1605
4806
5426
6134
7511
2392
7178
9201
112
-4352
-4530
-2608
5891
4359
4821
-9544
6789
5719
2999
-7939
3561
-6997
606
-1111
-6517
9149
-7316
-715
-4439
-9470
-9480
7421
6906
-2622
-1584
-6030
-5796
-6882
2295
-4475
9105
-2002
9970
2774
-2140
9635
-9175
-622
-6686
-8884
1567
-8729
-4633
9191
7700
3553
8737
-7434
3845
-6449
6395
1305
6381
5922
-5157
-2140
-3216
-5798
7073
7095
8220
820
-3086
-4782
-5131
-564
-3588
2260
7696
3184
2207
-4185
-1611
-411
8386
-29
4242
-3627
7475
-4179
-3638
8231
8015
-4251
-6320
4030
6391
-5195
-1000
6166
7605
-6662
5879
4414
-19
5230
4679
1067
7444
5333
7244
3910
8365
172
-1231
2586
-9422
-781
3983
-7031
608
-8562
-3458
798
7356
7626
-9747
6211
7490
-8247
-5110
-8748
-7417
5377
3469
-5552
-9905
-2544
2677
9423
9039
2659
4244
-3451
9909
-3557
-2084
-2212
-3540
4917
-3634
-7073
2576
-657
-3316
-4783
9584
4267
3572
1666
6588
-9323
3674
9618
4642
8113
-5220
-2600
-1823
6684
157
5257
4929
-3113
-5386
-8391
8987
7442
-9225
-5970
7358
-6829
-5454
-7050
2147
5055
6002
-3161
-3331
-690
2946
-1078
8497
-3101
6515
-7243
-826
220
-5566
-2029
-9815
-9491
-4397
9304
1022
4588
1869
87
2979
-7139
-8160
4831
9550
4383
7668
2992
-7810
-985
1933
-109
8960
828
-2762
7031
-8183
64
-5778
8573
3063
-3216
6809
-8452
8809
4818
-8701
2565
1060
1235
1851
-7731
-8409
-4596
2464
-2013
873
8389
-2167
-429
9822
-1862
-9418
5214
572
2369
-5924
-5714
-4977
4435
5680
-9529
7380
-4771
-4695
-9493
1287
2360
-9861
-1027
362
8844
-7513
-6940
2055
8201
8201
5125
2311
9929
303
-7677
-9130
-6928
3116
26
-9679
4027
-954
3703
6498
-5274
-3829
1278
-6822
-3271
-1555
-3103
-2035
6638
9227
1710
2935
-5023
2492
-1119
557
-485
4673
-8833
5181
5404
4311
7472
-5797
-4882
-6299
4654
6922
5835
-1709
3502
-9077
-7054
-2745
-2534
-6151
7883
-6312
-8031
3098
-3130
8608
630
-3585
-8776
439
-7845
6906
-4937
-6128
6891
-3140
5570
3288
-2701
8497
-4120
-9012
9505
5138
-3242
4660
-709
4984
9249
-2723
8068
5801
8569
-2749
-397
-4212
-3100
-7486
-9530
-1942
1756
339
92
-4016
-7003
-6740
-9447
-7999
1433
-4506
1337
-8102
3610
-8907
-3079
-7119
-8056
-7856
-7329
-9256
-9787
4366
-2479
7466
5268
3536
-2240
-2460
-2826
-7272
8315
8888
-6019
-989
-9190
-4957
6721
-177
-4463
4841
7179
5628
-6817
-1227
5241
-4389
-2119
1151
-2698
166
-4089
-4357
4686
-3504
6207
-6433
6666
-6947
599
-9592
-2788
7762
7281
-3137
-4579
-3864
2871
-8992
-4557
-9403
-8675
2615
-7627
6912
-2170
-143
-9930
-4672
1448
-5706
-4951
6924
-6404
-3399
3061
4602
-148
-5879
-3921
-4399
3834
-7403
-3468
6708
-6131
-3246
3963
3392
-6949
-6631
-1358
-309
-8763
-4100
-7939
5033
6123
5271
7989
-4810
9793
-8233
8728
-3642
-9642
-3751
-9850
-9984
-7536
517
-9245
6853
-9891
-9352
-6413
-5521
9848
6217
3489
2686
5266
5292
-4824
8212
3371
4117
-6467
4704
90
7879
-7934
-883
3534
4714
-337
-6983
-9862
-1659
7568
1979
-5911
-1124
-7083
-6519
-5198
8443
-6167
4466
-2001
-8899
4635
3953
-8742
-1750
1636
1274
2180
5778
-9229
8915
-1277
1754
-5855
2586
8152
4540
1730
-7199
-6380
-7141
9811
-7576
-5691
-1321
-9533
2456
-2191
-774
9039
-9535
3545
4164
-9266
2527
1712
8228
-4778
3600
-6847
-2940
-8676
-9968
-4977
-6548
255
5536
-8255
-5419
-7196
-8541
2395
3804
-8886
-1290
-530
-460
-3776
8389
-7090
4591
9684
-8299
259
5078
1799
-8359
1452
-8912
-3701
-9142
-7761
-4683
-7445
4328
9501
-7961
-2761
-4270
4562
-1633
5964
9032
5100
4535
828
9459
136
-5511
-6098
1068
-5792
-2262
8538
5075
3822
5932
-3859
-754
7512
-2997
3035
7786
1252
2969
8696
-1831
3933
-184
526
539
-6166
7903
-1481
-2770
5366
-5987
9200
-4679
-9640
-5847
6134
9546
-5220
4686
-2736
5921
-2099
-7177
-3536
6661
-1238
7337
-1034
-3197
-2214
5360
9054
-5453
-3427
8695
-6806
2202
7889
2909
-873
-7824
6919
6619
-1441
-3351
8036
-3201
-1346
9250
4007
-1595
6683
9495
-5144
-6523
7591
8166
3597
4378
-7967
3434
-5248
-8729
-8357
5623
7303
8213
8741
8689
2728
-8902
419
-5
8829
9068
3949
-8814
-8081
7765
2568
-5503
6318
-1782
7334
-3496
4286
684
7058
508
7261
-4024
-8031
-8617
9873
-8265
-2852
6246
-5935
-1762
6678
-7643
-6337
3733
-8602
-5786
-2564
8243
-4198
-1038
4548
-4666
2262
4305
-7467
-7950
5868
5049
6212
-8238
-8891
-7954
-6599
3626
-8649
-7680
-185
-6633
2021
-8387
-4337
6615
-8975
-9266
5097
-4878
-2039
-7005
-7959
-3661
3868
2013
9434
-8497
1926
8879
1932
-9495
8507
7406
2664
8419
7485
-7443
-2398
193
5079
9058
-8709
3391
-8955
1470
-3489
9624
4025
540
-6880
7095
8574
9155
8558
-1531
-2972
2690
1944
5326
-7532
-3076
-6709
-4744
6652
4586
6298
4780
1924
9836
6494
4273
8887
-4917
6884
-8696
-5631
1805
8238
3453
-1832
465
-9972
6538
-3561
-5600
-9805
-2830
-3523
1739
7920
-3317
-5240
-287
-8914
1068
-32
-9698
-2536
-4887
-9954
-5581
9786
6529
3814
-7032
3138
6997
3308
8944
-7306
1016
6341
1719
4557
7881
9480
1004
1687
1744
-1840
7392
-768
-4671
-5526
-8443
-9446
8153
-7165
7742
5968
-5754
-3528
-5697
4933
1040
-4663
7678
-5741
-9596
5717
9222
-3020
-3033
-5341
4060
2782
9803
938
-1430
9009
8508
-6296
1613
3541
-9991
8410
-9086
4041
-9542
-7088
-5702
-7908
6116
-254
7873
9789
-3752
696
9746
679
8768
989
3581
3943
1961
7600
-4879
-2086
7344
-4340
-6017
203
-5257
9047
2336
-7460