5000
1223
-8362
6915
-1960
4642
-4606
-7634
5836
7066
-1252
5075
-1159
-3972
4291
-7736
9035
-4164
-9635
3429
6350
7250
5586
667
-1175
2074
3102
-9904
-2953
-1049
-7086
-3381
-1889
8937
-1135
3132
-8826
-2656
8687
3567
593
6488
4574
9676
838
4220
9438
4040
-4197
344
6663
1009
9256
7963
4223
9005
8549
7665
1862
4519
-1078
9633
-5478
-1725
-1126
-5508
9479
-2228
7948
6786
-6943
-7409
9501
-7846
3497
-1560
4760
-8437
7580
-2900
-3219
-6953
7472
-3493
5396
-7860
8208
-9875
9395
-3824
-6268
-3907
-3818
-562
-9847
5278
-3322
-4525
-9510
-1417
-7627
4435
-1122
-8183
-5976
1378
-1413
-239
9694
-4933
5327
1944
-85
-8397
-3273
2760
5092
6947
-5597
6400
-9019
-9530
-1360
-6920
-6001
-5827
5919
446
-2961
-2166
1308
-7693
4199
1883
9617
-876
8927
-7487
4799
1709
4780
-6871
-7
5298
-8416
5328
-9057
-4889
-2953
8446
2759
1092
-9489
-308
-1327
206
6167
7869
6131
122
2127
1694
-7284
-6991
7195
3322
-8700
-7858
-8310
2957
905
6001
-6712
6702
7987
2968
-6383
7167
4566
795
2624
818
3324
-1127
-7492
107
8756
5273
-1351
-1010
183
-1857
-2423
3478
4260
2377
-5283
4910
-3186
-2119
9806
-7306
-6417
-7428
-162
6483
1885
4096
-1566
2971
3361
7843
-454
-9575
8287
3288
4949
-511
2893
-6784
5844
2906
-2229
7211
4299
-2239
-4747
-7740
-6167
-9920
-464
3260
-1354
9292
-9880
-2184
3895
-6738
1307
-5906
-1841
3627
264
-5472
5304
8102
-9070
9670
5691
2492
1642
-8547
-681
-3436
4132
-7935
-440
12
2329
-2784
-6588
881
3891
3546
5465
-477
-3601
532
-5782
9137
-8154
-6921
7743
-2696
-4977
-2543
8159
3318
6644
-8846
348
-4593
533
4385
-5149
-7091
9337
-8578
8582
-8550
-4724
563
8028
9073
6811
656
-1564
931
-1859
-5076
-9090
4262
-6958
6626
-4433
-1145
7217
-4875
8191
-9166
-3791
-7739
3218
3206
438
-227
6826
-4059
-4292
5069
8687
1957
3218
3643
-8908
9052
-6320
-6315
5445
-6528
-2038
-7872
-688
6527
-5323
6510
5094
6616
660
-6411
-5461
-1406
-7379
-3486
-4191
7018
6750
-1450
-2301
3570
3107
1430
3898
5868
3346
6498
7211
-5505
7456
6534
-9310
2092
-3783
9735
-1891
7013
-79
-4719
6356
-9060
-7822
8377
5217
-7473
2853
-7903
-9137
-3194
5048
-3463
6359
7539
-7440
-961
2599
-7268
-3011
361
-2814
-6209
-6509
4690
-824
7954
-981
5449
-3006
6492
9628
-5071
-7791
3031
-1138
-9631
8994
4712
1345
6042
5461
-4456
3957
5786
4318
-3190
-1257
6663
9864
-1882
41
-1250
3395
1689
7172
4665
-9406
-4964
-1451
448
6217
-1366
-8422
-104
-2514
5341
5320
985
7907
-7748
9581
-3828
3548
1535
9686
8326
7265
7311
3192
-3411
1373
-6666
-5276
6163
3102
936
7772
576
1359
-2388
8225
-5804
-9263
4196
5973
-6536
-4812
-1391
4388
-3182
8599
-2281
-886
-6042
-3310
-1241
-456
1524
525
-3248
7569
5876
-9496
-7850
2661
-4423
5646
9736
9959
7023
-8646
9059
-3990
4522
5045
9506
7292
-4958
-8945
6115
6062
9626
-6018
3152
-894
-8685
7245
140
-186
3314
-4455
7787
-4917
7257
-6747
-6820
7154
-7527
-9558
-9121
3339
6273
7232
-8507
-1303
5377
-3238
-6038
-3685
-9571
4630
-6056
-2020
9168
-3679
-6996
7404
1383
2572
6533
-3991
3213
-8898
-3707
-8185
-5958
9922
-2607
-1468
4712
3361
-8277
-859
4302
5677
-5297
-6421
5432
-7368
9155
4853
-3239
7961
-9409
6425
3931
-5352
-1034
3723
4395
-1265
9035
1077
-1972
-4922
930
4109
-5677
-1044
9881
-3293
1271
9056
-1637
-9410
2068
-6790
3032
6947
-4098
-859
-8175
-905
-4556
2303
-1458
5595
6711
9684
-4269
625
-3644
-9479
2962
-4427
-536
-7896
-9871
6164
162
-716
6136
-5993
-199
-578
553
-802
-2194
-2372
-133
4893
-3073
-5523
-3128
5135
6348
848
-1810
-8276
-7254
-4044
-504
-8657
2956
3833
3462
-2018
551
1833
-8523
8572
2827
9947
-1201
7676
-9409
2741
4474
-7921
2644
-685
-2924
8100
-2933
-3670
-645
-2162
8305
-2976
3276
-8688
-8317
5373
-7548
-4288
8360
6129
-9870
5542
1228
5244
1666
3292
1677
7959
-6918
9564
-9833
-934
2205
3890
6245
8752
-371
-7040
-6810
1423
-9490
1283
-8827
5913
45
-6285
-2690
-180
9378
-3015
3647
-8605
4234
-6408
-9542
7207
2033
198
-5135
-3898
-7516
1299
7398
8351
87
-5798
-2228
5575
-7931
-6459
-105
591
-5102
8326
7554
1705
6287
-6412
-4190
2132
7935
-6929
-3417
-4197
6336
4521
1514
1194
-6590
-7016
-29
-9712
-7991
-996
-9117
-156
4156
5051
-1116
3477
5346
2215
4608
-4970
-4836
578
-3988
-4335
4927
3157
4457
2335
-2208
-10000
-3187
4235
1178
8336
-6455
4284
-694
-9176
-9839
1954
-4683
5188
-4715
9491
-5660
-4342
436
9030
4747
5751
-5085
9346
-3479
-842
9853
-760
2709
8868
-6049
2601
-6301
7239
2288
6461
403
9348
-6238
-9829
590
-9695
-3867
-2460
-5863
1620
-2786
405
-8659
-3118
-4443
7086
9995
-1000
-8043
-5676
-468
845
3203
-2434
-1612
-6230
471
5075
4661
8610
-8340
7087
-5670
7273
-4126
-511
1773
4625
2486
-5428
-9166
-3952
-4056
-9569
-3926
-2359
-8325
8067
1336
-4818
-732
8988
-5453
2367
2729
-2923
9199
-9334
4804
36
-2222
-6344
-3962
-8046
-7190
-9996
8954
3975
3667
-2062
7430
-2444
6796
9745
399
-9005
7419
-8084
2559
-4076
8653
-7272
-6338
9056
-3691
2065
3330
6620
-5025
-1371
-7857
-3275
4522
9096
-8676
5023
771
225
-4188
3850
-9953
-374
5485
3026
-9600
444
-6787
-3074
6958
8025
-291
-3124
3795
-7357
-6192
-928
5893
-1935
-3761
7092
9051
-672
3246
-7137
-6015
-1624
2578
9595
811
-6581
-9549
7035
-6562
-9654
6083
-5821
4811
-8765
5840
-9965
3384
8963
-5093
9783
-4722
9285
5839
-9342
7150
-140
-3006
1162
9081
-1545
-9804
-3889
-7181
-1636
5289
-1469
9876
4374
-2790
9184
-5095
989
-386
795
2651
-2447
-6497
5798
-7971
8109
-2252
-3103
3796
7607
-9194
3874
1373
9380
-696
1700
-9990
8947
-3564
5975
883
6866
-9831
-521
-4612
708
-6211
2420
5152
-5973
-9032
-9593
8341
-901
6715
-7536
-2264
-6758
8542
1710
-9449
1765
-232
5743
7232
460
5708
6633
-3024
-8876
-2183
2443
-2673
-1261
-6028
9915
-2759
-7065
-8286
-6288
-2826
8446
-7676
-8797
-7061
-6757
8023
112
729
1468
5498
-2915
-4007
-941
8448
3717
8572
5587
5152
-5123
3652
9695
-644
-3488
6017
-6302
2102
-1139
1685
-8586
-1799
1031
4142
5326
-9088
-2056
7091
6226
-6289
2462
-9228
-5799
9618
-4286
4556
-1996
-254
645
8464
-7536
-395
1034
5060
1117
-3086
1095
6296
974
4740
-5984
-8268
-8741
-3897
9105
1099
-2322
-4442
84
-1753
-3307
4215
4086
-6181
3548
3466
7686
-4546
-2991
585
-9546
3654
-4278
673
7354
9337
1065
-497
1336
1899
460
-590
8392
7794
828
4663
-4523
-7443
-9426
-7017
7563
-6634
-1739
-1099
-202
6453
8799
7067
8141
2425
-9079
-9235
6753
-1557
2121
-8292
9035
291
4527
-3365
1846
-6207
-4568
-1843
-8718
120
6588
5175
-9768
3559
3315
-7383
5171
-4753
-7253
3943
327
-9352
-9278
4550
-7386
-6401
-8342
7292
-2684
1367
6379
6070
-8555
5453
9306
-6338
-9645
-4432
-6525
7373
-5013
-6631
-5269
6368
-5535
-1561
2345
2024
-6693
-1626
924
-8316
2997
-301
-4312
9706
4692
5171
-9204
9217
8651
9519
5810
-6685
-3427
-2141
-9398
-932
9776
5467
-5968
3613
5387
-7584
-809
803
-9644
-5492
6054
781
6296
6336
-1006
9294
8812
5760
-4740
6480
767
-4264
-9171
2409
-8807
-8402
-9445
-9635
4538
2118
8844
3912
-1716
1660
-6053
-3224
-3836
5904
1012
2155
-3143
8338
9809
-7557
-3910
-8222
4431
3533
-9596
8376
-4809
6864
-6452
-9243
2634
7347
-1383
-1042
8910
-9536
4987
-241
6814
5950
-6794
-6047
532
5539
-1060
-9030
633
4995
-2129
-3202
1734
9160
5077
-1554
-8014
-6688
6838
-9054
7739
2682
-3906
86
-1529
5008
7052
-1144
8385
733
-9880
6431
4544
1221
-6201
-2222
5891
-4688
-6908
-1054
-491
-7480
-1579
-8247
301
-3195
5152
-1019
-1150
-1523
2146
8622
-8343
3967
-2692
5898
6886
3695
-9129
5583
-5632
7544
7085
-6210
1504
9092
-2518
8571
2198
2349
-2596
-9513
2610
-6576
-1742
2768
1835
9332
-6121
-4123
-9529
9423
2714
7474
-9210
-7892
-5985
-7464
2215
-5789
-5198
4377
-3152
-5531
-4361
-6237
-9091
1027
9565
-2378
4161
-518
-2163
-8262
5379
-647
2042
-53
-2168
6924
4998
-8020
5645
-7827
8783
-1803
2555
-4019
1971
2004
7364
2050
-9777
8218
7083
8640
-6612
-4618
8840
9447
2639
-1199
-8206
-1106
6656
3108
2781
-5496
-4713
5387
-9037
1209
5041
-2889
-4860
374
2118
6687
4340
8045
-7556
786
-4124
8392
4389
5366
-2181
9212
-566
-6281
-8632
7202
8519
1134
9250
-1997
-9704
1138
-5455
-2648
1506
2541
8186
-4851
9617
7088
-4494
-883
-5443
8718
5768
-8172
8623
6033
-4963
3131
5582
-2773
7507
2714
2303
-4948
-9408
5759
8735
-966
4375
-5909
2796
4814
1542
3440
-4880
-3000
-9247
-9108
9477
8681
-4552
9854
5103
-8591
-872
7386
-3036
-9483
-1772
5612
7878
-6991
5636
2761
-1168
6386
-6307
-4456
-6626
1334
-2415
7251
-2353
-800
2165
3547
-1544
4341
-7172
-8648
-6692
-4685
-8507
1322
6323
3722
-6896
9371
-676
-1778
-1135
-2185
1058
160
6881
-1879
8131
5978
-2377
7202
-3675
-4016
-8356
622
-9082
-6242
8356
9528
-2517
-702
4190
-5366
-351
-6441
834
4267
-9383
-2497
3742
9103
9766
-1158
-2617
7361
-9671
-7124
-3475
6543
4116
295
2594
-6767
-6872
6876
754
5430
-4624
5419
-2086
9369
4780
-3978
-8158
8944
1850
3558
-1966
4625
5002
1943
6300
-716
-6614
5213
-8169
930
-1282
3013
-3595
-1203
3030
-4603
-4460
-3951
2677
-9975
-6234
-5120
-4437
5795
-9016
-1105
-9636
-9246
-127
9881
1146
5265
-8019
1407
4064
-8129
9891
5411
-3107
5530
4179
1881
-9462
-5684
-1482
7007
-7912
-1903
-4373
-7590
9741
3118
-6741
-1712
-5801
1953
-4366
-3853
426
-1331
-3943
2398
-1769
9619
-1976
8779
2934
-1254
-3443
3728
-3130
-274
-8473
-1451
-2717
-162
-4521
-6734
5017
4233
1940
-3052
-6251
2016
6559
-4904
4982
3168
4682
347
-6032
59
-7422
6044
7188
-8876
-2925
647
7451
6471
2493
5084
-7493
-9907
6204
-2983
7803
-4137
-3776
-319
1828
-5152
-7202
6061
6526
-837
5378
-4774
4558
6503
205
-5148
-7914
-7757
943
-5042
-260
3864
604
-2053
-3576
-462
1446
-3816
4486
-7564
457
7092
-8758
7429
709
4351
-4479
-4505
-6990
-9613
-2073
1319
-238
-1532
2801
-1458
-8960
-6934
971
756
-2214
9574
-6771
3850
1129
2397
-4114
7372
-6890
-8054
6254
-3964
-4286
1875
2399
2756
-2762
4821
8053
3221
-9552
-1368
3354
-2346
8325
-2241
-1342
3142
-2094
197
-9834
5229
7333
6911
-3276
2202
-7086
-8373
3363
-7545
8623
5523
-9487
-8276
2978
-7591
3977
9037
-1418
9864
-5943
-4895
1974
3132
5039
3342
4912
4067
6053
9773
-5246
-5420
7993
-7506
9912
-5577
4532
-8963
3931
372
-437
5525
-8430
2740
1994
-7409
-6490
-264
8686
8269
-8374
-242
-3361
6446
3157
-1513
7760
8077
-4947
-2936
9219
-8836
-4425
-153
3295
-5610
7233
8929
-3456
-7274
-5311
7914
3154
143
-6890
-5687
2311
-1369
7590
5607
5334
-7102
-630
8920
-3159
4482
9902
-6725
8330
-4191
842
951
-1519
4639
3676
3586
587
3596
2169
-5560
9941
5396
7230
-9851
-1144
5179
-5025
-957
-3541
-9266
-4693
-8110
3968
4174
4084
9022
-7257
-4849
8375
-6371
4238
841
2413
-8776
-189
3355
-8523
4887
-5257
2018
-2090
9901
-3874
6385
-9268
-6995
3171
-9365
-7902
-5439
-1703
8415
-1516
3516
8602
4241
4303
1878
-3098
-5262
3040
-6390
2896
671
-3552
-4058
7810
-5028
-8331
-8570
6248
7051
-7402
-335
-5702
-811
-6664
-3313
-5120
-5660
-3254
6826
-7844
-4622
-204
1380
8613
7088
5943
1593
-743
1406
-8647
-9450
7991
742
-4473
4843
6823
8321
-3008
3849
-1019
9647
-3411
-4534
4722
-5053
4207
-7268
9533
-356
6127
-7771
5397
-4889
4656
-3587
-3747
-5018
6211
-8504
-5550
4251
6939
3910
8918
-5080
9136
-7500
8199
-2966
-3367
-8326
-4120
2848
2530
-4717
-4684
-1042
8309
6604
3151
5228
1971
-2505
-855
2005
3112
3690
-1105
-2315
5752
-2992
1434
-3339
3444
-6461
-5842
3496
-9425
-8656
-2148
1798
9010
-860
3724
1234
-7002
-2031
-3383
3254
-2684
-6098
-4282
-3466
-5036
-7891
-553
-6516
1163
-8742
5715
4483
1562
-9892
2505
-3525
4236
5317
8920
3840
7471
935
3778
-311
8179
-1045
-4041
7896
1882
8302
8644
-7651
4039
5582
-229
-6409
-8080
338
6929
4280
-9141
4386
-8202
1292
6622
-6253
4676
-9374
3180
-470
-8456
-3833
7502
54
-7585
2207
-1620
-2000
3070
-8712
6745
444
2273
7512
1220
-7571
-3769
1275
-6573
-8938
1318
2510
-4805
1003
5000
3606
838
-2418
-5890
6139
3802
9020
1225
-3166
40
3638
4892
7763
-8701
-9590
-8239
9683
-9427
-8981
-3314
-1617
8596
3177
-7603
-2994
-9300
-9539
-9645
6099
7315
-6719
5730
2096
-6344
-7608
-2995
-5410
-4184
-2787
8861
1111
-8741
3948
-7705
260
5598
4234
-3486
-8125
5927
-6230
991
-5470
7287
91
-859
2154
-4365
-7214
-3918
6659
-1112
5523
-2253
7829
9345
-969
-585
-7482
-7832
-9890
597
-7529
-3949
-4816
-5382
-125
-2548
8302
229
-6698
-8998
8614
3118
-773
-9726
-7806
-7086
-4728
-8618
9444
-8134
-6217
-6752
456
6338
9789
5079
7518
3772
-9027
-8679
540
6592
4802
-9661
3893
-5902
-1964
-6605
3528
-5952
-4657
2479
3205
-1765
-4659
3634
4064
913
-3640
1314
2035
-3064
-2011
6092
6406
-945
1884
8133
-5322
6084
9554
-9106
-9342
5742
-5641
-4290
1162
-2867
6248
-2914
-158
-6955
8684
-4316
-4913
-1182
-9532
8605
-2350
5331
-1586
1063
-1265
-7972
8934
1210
-6131
9533
-3233
8987
-5487
-988
9524
-3925
3906
-3731
-3910
8590
-2721
3123
-6285
4214
3247
-1901
-4578
-9129
3269
-5429
1704
-8443
4972
4870
-9437
-9832
-4966
3441
4284
-1952
5814
4944
-7386
3163
-7236
-3099
-503
-8566
3709
4845
9928
4149
9597
-9259
2688
4384
-4940
6974
8189
-5087
-8837
9995
7114
-7461
7927
6175
-8895
77
8124
4391
7632
9530
6512
9517
-8370
2201
192
3340
-2593
-6545
2316
2502
4745
-6856
344
6787
224
-8244
-2085
3215
-8668
519
-616
-4201
9374
2538
2859
-9743
-1546
3900
-6474
-8476
-3540
4757
-3444
-6741
-1210
-8198
8304
9479
6625
-4815
5925
9519
-4028
1338
-5723
937
365
-6159
-9885
3792
-1553
8146
7741
1477
-8648
4230
-8909
3502
-9464
4234
1012
-4471
-7325
-6785
-1455
1637
827
1676
-3866
-5451
9956
-6364
2007
-498
4475
3437
9361
-4314
-667
4491
9459
-9088
-1031
-2331
-5428
7887
-8822
-7742
-9940
-903
-1711
-608
6762
-6091
-8927
6394
-6823
9214
-1632
4730
-4780
2978
779
-5091
-281
-508
-2234
-1936
-6841
7843
-2054
-2566
7717
-2254
827
-4863
-2520
-3363
3416
-4602
-1970
1172
-2989
-699
1014
1308
-1813
8291
-8018
-8966
-4924
4562
8784
-7716
445
-7608
-761
7539
-7632
-7015
5621
6182
1612
7773
4629
4411
-1204
-3019
-9802
304
9372
-9298
8
3477
-7147
-4218
-4993
2559
9598
1206
4724
-2586
3175
-717
9680
9873
-7409
458
-4018
-4736
3891
7938
-372
-5535
8158
1101
8681
-2394
-5627
3074
-7266
7653
-6725
-4550
8849
3368
-5073
1971
-7078
336
9349
8817
-6418
-5386
-1683
5129
7648
-7673
-7236
-4330
4200
-8488
4665
4434
-7813
-6772
8118
-7223
3486
-3242
-203
-5686
1561
3919
2272
-4444
5723
-6403
7476
-6316
3355
3003
3160
-2577
-5345
9674
9730
4086
-9576
879
-9112
6524
9578
918
1122
-1400
-6095
-9619
5970
-5364
-3893
-4549
-9423
-4404
6021
-8563
3245
-5704
-3339
-6361
-6626
-338
9957
-750
1318
-603
5797
-5324
438
8411
7286
-6837
-9779
-5842
8493
6617
5831
4935
-5802
9331
-6734
-2139
4097
-6254
2287
-4220
5009
1193
-1152
9258
-3702
-4050
-1984
-6570
2283
6043
3218
-7464
4267
-3866
8256
5352
6178
8294
-6224
-9764
7814
8919
9712
1410
8042
-2875
5508
-9506
-3803
3480
-9615
3798
-5675
9056
7354
3212
1245
8089
8298
-1240
-5008
-3677
4460
2059
-6323
3635
2228
2386
4339
1607
3746
-9492
-9258
-730
6443
5521
-6739
-5320
-3190
-1112
-1610
4209
-5245
-7943
-278
2772
4891
-5152
-1513
1044
-7058
-1856
-9676
5754
1054
8010
-4473
-5123
-4763
2098
113
-6996
-3854
6353
9624
3526
8466
-7073
7188
2818
6319
-155
6199
8784
6084
-8617
-1469
4043
6138
4667
3951
3128
-1724
-7908
5136
-6763
6419
-4709
5569
-8279
7625
-3799
-5826
5090
7215
4895
8049
-3768
7507
-2309
-3294
-2631
-2876
-6829
-805
-5209
-6261
9181
7554
8348
-345
1446
1138
-839
-4602
-1596
7176
-8760
-4009
6635
-9094
-9755
-9821
-347
3046
-1678
-5857
649
-6973
-7640
-6176
1514
-8914
-9228
2097
6692
-5284
-6292
9519
-2849
-5995
-4122
-5463
-3222
-4660
1668
-1214
-1488
4958
-4105
-4894
2818
126
-1682
5475
2052
-3096
-1004
3080
1320
1872
5753
-4963
-4368
9731
1509
9712
7483
-6097
4281
-239
-4900
8212
7883
4941
-1995
-5778
8277
-2812
-1146
7153
-1213
14
-6606
-5003
-9960
-4964
7478
8986
8368
-2909
-6775
-531
-9763
-5237
-2507
-1944
-3784
-6581
-5265
-6061
-7461
-4098
-8029
8930
7733
1186
-2678
-387
2980
-8554
-4896
8303
-8892
-1927
9951
-9905
7032
-2402
-123
-4233
4261
666
-1626
3888
-8533
2790
5370
831
9740
-1263
6327
5683
4263
7271
-8659
3419
9353
-1684
8384
4420
-3964
-2576
9531
-6113
-8414
-3374
-4563
7293
5324
-7964
-3246
-8688
175
1553
-7720
-3631
5618
3839
-6868
2454
-9729
6260
1163
-5090
5853
-5551
5088
743
8343
-8480
7292
-2737
3473
132
-6970
-8253
830
-3480
-5394
-5694
-196
-1009
4372
5078
-7529
-6074
7695
9796
5240
4966
635
4895
742
3701
-507
-945
6229
435
6105
7783
-6074
6040
8156
-8921
2138
7493
3902
2570
9654
-6039
-5239
-1045
-2095
2246
237
-9664
-1126
7729
7309
9300
-7803
-123
-7458
-7694
2120
6602
-3630
-6635
4606
-7668
-9286
-7960
-6706
-6159
356
-5282
-120
7195
2053
7493
7390
-5167
4977
-1366
-3310
4295
-5654
-6678
3583
7423
-3338
7054
-9986
8485
-3697
6749
6948
-2650
-7313
7577
-1707
-6325
-4818
-8808
2615
2096
-5428
2220
-4619
-7470
-4519
-8079
-3246
7561
3423
-9747
613
4331
4579
-1406
-2085
-9594
-2928
-1717
-8394
-6923
-9942
9915
-2619
3407
2238
2331
-987
-9192
6431
1313
-8851
7947
-9678
2384
-2292
3559
9655
3630
-7535
-374
2609
-5100
-3416
-9443
2905
1037
8242
-9719
-3887
-9676
4903
-2441
7316
-7426
-2787
7266
2627
6055
-8545
-6282
1444
4819
3242
7267
130
-3601
-4006
2317
-2612
4918
-6915
-802
104
9374
-626
8103
2709
2722
-6264
9878
-8838
-1981
2097
-4049
9760
4050
4699
5983
1265
-5438
-1528
5865
5578
-5364
-4036
-609
5152
7728
-4576
-990
-3942
-355
2997
-2068
-435
-7536
268
2477
2435
1473
6342
4611
-4967
6368
-6839
-3744
-8433
8463
-9229
8780
1768
-4167
2472
-8067
443
7186
8925
6665
-9835
-4958
76
-1877
-8981
-634
8291
-2479
1075
-6756
1182
6687
-8762
1298
-9048
-7783
1884
1050
-1949
194
2495
-4453
2626
-879
4293
-2068
3831
9511
-8693
-478
5428
4100
-7196
-6272
5934
3703
1857
-4064
-1164
345
9647
-632
9407
-5738
-1740
-8396
-2216
-999
-6305
9865
-1620
-9550
8632
2199
3943
3800
1006
4424
-3317
-2101
-6114
3181
975
2353
-1285
-939
4232
-2431
2102
5957
2568
2944
-3461
-4345
9844
2550
-1467
4410
-8232
-8920
7613
-6367
548
717
-881
-5383
-5307
-847
-8219
-5042
4640
-4678
-351
7656
-916
-30
8175
-6326
-9637
7243
6062
-7505
-6366
-9801
-3897
9228
1188
953
3045
7368
-5687
-1183
3778
-2296
983
-5797
-5094
6347
-1184
-9229
-2272
9431
-4639
6445
-7779
-5064
-1147
6536
6058
-3313
-6256
-2810
-19
2759
2242
-1679
-2638
6042
-3042
-420
4362
-461
972
6985
5621
-5975
1631
6631
-2300
8617
1331
1140
7594
2807
3190
1695
764
-7336
-2688
-732
9939
-9728
7434
-5206
7333
-8454
3167
-2685
-1804
-7442
-4567
-5463
5754
765
-641
-847
-608
9165
-9143
-50
2585
5737
9220
7165
5959
-2441
1419
-500
3661
-1037
5692
5294
-8370
-4794
-9766
2277
-6342
-315
679
-1154
5424
6089
8684
-5852
2987
6994
739
-2198
4952
3306
8571
-9325
-7360
2074
1662
8950
8673
-2311
-6099
-4422
6539
-9322
6529
-3186
-9693
4151
3740
8954
134
-9933
4349
-7727
-5169
7962
-2479
1986
7723
-6389
-9254
1574
2920
-745
-3264
4953
972
-5714
-6191
3195
5748
1231
7992
6854
2901
-7203
-379
-2864
-2785
2555
5348
-6934
-74
7059
9631
-5485
2797
-1548
-8547
6604
7981
7475
-2160
-9367
-5467
3987
-9086
7640
-3947
-2790
-5762
-1449
7543
-2927
-8146
-9431
3629
947
-9195
2696
5498
-3176
2899
9490
-1165
5506
-6681
-7898
-9775
3143
-1059
7236
-5917
-488
5217
7774
-2136
1130
2095
1104
1352
-5333
4327
236
4340
9733
-3158
728
6667
4132
-7858
-402
9401
2862
-3765
-9240
3451
-2349
1521
8314
-6806
-8516
9416
-6696
9327
3073
7646
-1641
-1252
7223
-1493
-3526
-4500
-5132
5047
8854
-8780
9587
-7409
-9710
9400
1883
7675
-3360
-8125
-136
126
4044
-7523
-5194
-6164
1675
-7425
-6867
-6648
-1397
4760
-3557
-5108
673
-7909
-1528
5091
6965
-7683
-1433
4226
-474
6350
-8762
-1549
3522
5919
-9967
-8066
-2318
-722
-7776
-4783
-9834
-1600
1594
-2947
-7931
9417
6066
-730
-6569
9969
5668
-4059
7519
-8474
-5289
9318
6444
2149
-2980
3652
-6541
-3956
5397
-8052
-9154
-1562
-9151
-5916
-3299
-1790
-5095
6466
-8055
-9891
-4513
8279
-1597
-5485
-3647
2810
5481
-785
-1739
5112
-4486
1430
-2294
-4156
2031
7509
125
-1495
9831
-4571
6421
9861
-4186
1696
2671
-626
-4479
-7461
284
8805
113
-8946
6619
-8567
-6088
9888
-4794
4177
-8751
-1022
9958
-540
-4942
-7958
394
1564
-5876
6997
6762
-9171
9997
6104
-2982
4865
-2448
-7754
8049
1179
-1568
9689
-6581
-3551
27
-9222
-1995
-7304
-1082
-4988
4033
-4470
9837
1328
8911
1595
-2820
-8312
3086
-8823
7541
2490
-1103
2699
-9525
-8689
1134
-7527
2658
6775
-8173
2987
-4887
8356
5182
9119
-2890
-2405
-411
-385
8659
-6475
4566
7036
2232
5622
113
2654
-2088
1092
-2915
-4194
-6407
-3066
8790
5100
-4455
-4087
-4347
8525
-4256
1004
-1131
8976
5794
7964
2627
3686
1764
-9372
-5706
3035
4280
-9949
3767
-8459
6337
-4
-5003
5759
1579
4527
-7601
3536
3661
-1134
-3306
-6870
-8481
-3446
-5224
1502
-9458
1965
7771
8066
3937
4047
-3534
-1690
3650
4898
-4
3502
-9688
724
4020
15
7466
4905
-3168
2723
4179
-8100
4306
5209
-8189
8659
3125
8382
5558
-6616
9751
-619
9574
5458
-773
1439
1042
1142
-85
1374
-3846
-6585
-7678
-9017
-1706
7710
-4382
-7880
-3786
1049
-9519
-7434
-8485
-5680
5694
-9561
5681
408
8135
-5393
3316
408
-1153
-8813
-4797
-4694
-8822
3674
6911
-7955
-8289
-1090
-5919
-5923
-1430
3409
-4698
-2722
-2431
-4758
-3124
-7275
-3205
-6481
-2997
-2825
1340
-5404
1188
918
-1341
7478
4784
9979
1142
-1563
6869
3961
-1712
-6980
4207
6423
-2271
-1035
2978
6573
3281
7098
-7485
3326
5279
6156
-8899
2243
-8290
-5230
-3347
4358
-8811
9842
-9595
-1787
-2436
3691
8078
3515
9349
-2360
9214
3994
7645
3041
-73
-1963
2799
6371
8209
-9039
-1639
8291
-5679
2104
-3673
7267
-2098
310
-5181
2967
-1089
-8171
9465
9044
-2860
2013
-1499
-4221
7543
3392
7046
-9020
-3307
4794
-949
-2760
7640
-6420
-8306
-2686
-5153
3033
648
-7026
4866
5385
-728
-7372
-5082
-8278
-6770
-2386
-3995
7217
-8346
5915
6458
-6728
-258
8889
-1326
-8535
2506
-8824
-1752
-9594
-4799
-5705
6932
-4351
2169
-5456
-7023
-2519
-5012
3014
-1725
-4334
-4691
-6629
4534
7095
-3145
-1044
5398
8190
-8281
7652
3091
-1432
-946
-419
5619
3767
-6177
-6490
-2824
-5793
-4341
-6117
-9072
8235
-5505
3095
-7623
4947
-957
-2729
-1523
-3872
-1939
-6784
-9740
4621
6923
-2963
7053
2743
-4598
-2286
1330
-1245
9988
5935
-9936
-8705
-677
5884
-8624
-6315
-7197
-849
9646
-3098
809
3617
8405
-7777
-9311
1562
-4817
4543
-1071
-5054
-414
6674
427
-5152
969
4878
1358
3778
4607
6676
6990
2344
103
-7926
-2180
7184
3844
-9453
4673
-4792
-3567
-8493
-2107
5572
4700
-1738
-8461
-210
-566
-1309
7867
-2008
-9788
6816
-4062
4375
-6176
3096
6269
-3354
-559
819
654
7745
3546
9315
1541
-2306
-6282
4933
6690
-3453
-6417
-7890
658
-3808
1050
-5696
8591
-9634
-4929
-9589
6074
-2170
-9568
2074
6151
-4124
6528
2802
-2480
-9538
-3685
3510
6965
-4310
-6982
3169
-493
-1647
520
9444
-2771
2616
2909
-4296
5169
-4372
9521
-1020
-9397
-5265
-1631
-7438
-2800
-7342
2500
-9519
-9887
-5030
9665
-7303
2248
-3029
-7082
-1941
739
6819
-2368
-4334
1919
7145
-4944
2897
1267
-3305
2399
8472
-1148
1712
-5292
-3806
4032
7327
2320
6451
1896
-4187
-4633
-2101
3608
908
7689
-7372
-2332
493
3860
161
1651
5406
8759
-5927
-194
8618
-6285
-5944
382
9112
974
8782
6269
-6295
9900
6452
5624
-7109
8990
3821
-5222
-8465
9824
-7914
2412
6011
2569
-8863
7563
3180
-5305
-1594
-6026
-3698
-6137
-785
7030
9669
-2993
-1952
-1554
6109
-732
-8355
-3259
-7046
6790
-4360
5876
4909
1073
3988
-2963
-6228
308
-52
9510
-2796
-8542
-9471
-1559
3282
9867
71
-3165
4311
6990
8863
-5367
9850
-9491
5551
6751
-9667
6398
2756
5048
2402
-911
-9071
-9765
-978
9035
-7642
-9802
3194
-109
1029
-3835
3840
-8454
721
-5891
-3755
-7688
2352
3798
-6330
-1587
6207
-6387
422
5811
7985
-8011
-945
-1486
6254
-171
-9213
-7816
-9122
-4506
1236
-3204
-6392
-8567
5011
-6399
-6785
6438
-8023
6413
4185
2113
6833
-1415
2726
-7545
-9932
4601
-3117
2480
1707
6864
-6082
-4799
2432
-4343
3812
9579
-2702
237
7033
-438
3912
8046
-6951
6428
7813
-1112
5067
4193
-9951
-316
5905
6157
-3726
9354
-3311
4272
1000
7916
3525
5024
5056
-5995
-26
-7098
-3703
5703
2333
8258
-5936
7919
5594
-3812
9444
-7522
1388
-5366
-8900
-6734
-5057
-6610
354
-6321
8487
-3833
-3379
1436
7904
-7350
-3162
8386
2368
8888
-3745
-735
8840
-8446
5682
-9600
6710
-5798
-9374
-8939
-1341
8790
4896
-5495
-2519
-8103
-302
-644
-2533
-3394
-2916
-2550
-7400
-4217
5808
3396
8460
6164
-1774
5163
-2010
557
-460
-9360
-4144
8352
-5198
-9283
603
-4274
-1082
7873
7267
3139
3342
-7547
7955
5755
-4453
-2932
-8863
-7196
1496
4828
5644
7154
8150
-4963
-9081
3798
865
-5330
1432
-600
2313
5448
5814
3365
8545
-1348
4716
209
-9296
-2702
6046
4446
-3782
-3068
-6050
-6981
8512
-906
9285
3566
7157
-1032
-4164
58
-4616
1748
-3916
3397
-9481
8433
8927
-4436
9396
9936
6482
-4370
-9179
-419
-2343
-108
-3408
5372
1295
25
-8201
4520
-3520
9450
-4835
2071
-5267
-3636
8351
-82
-7689
-9414
-2563
-2585
130
-6787
-7695
-6873
5317
-863
-4326
7944
6813
-3473
8924
-9634
-2221
9232
-1478
-6352
4924
-1696
5540
7433
-3260
-4617
-8595
1701
-2646
-2474
1214
-9465
2680
-3982
5062
4096
-9375
-7023
-8687
-3279
49
6007
-1838
8096
-58
1485
9011
-9295
-3673
3753
4736
-3726
-5200
8501
-3297
-7199
9334
5659
8707
-6112
-3364
-6564
8818
9204
1549
4641
1741
-231
9032
8790
-9588
-6179
9818
-8808
9549
8117
3661
8312
4394
8344
-2858
3092
6988
1764
-9753
-6198
159
-42
-4597
-9481
3280
5102
9468
-2014
-313
-9821
6398
-6755
-6949
8768
2939
3857
3172
8929
1393
-9833
-7793
-9422
2793
1249
3874
5904
-195
-9466
-1985
-7276
-8580
6575
-9901
2813
1527
9702
-4315
5170
6173
7231
-1321
1970
-2902
3965
-3632
-7895
2175
-1717
-3188
5707
618
2171
-9277
-4729
3545
4596
5200
9477
-3433
3715
3828
-1258
-2103
-3367
7248
8907
4530
-7531
-4334
6073
-1622
4768
-9312
-9081
-7724
6212
3978
-8132
-4262
-1691
7974
-9566
-5450
-1525
-1202
-4439
-5178
-9282
2173
5985
-5133
-3545
-2499
1554
4936
5486
-1612
4125
6961
-5718
-530
-3587
-397
-4283
-8757
8738
-1095
4058
-6894
9753
-192
2959
5794
-868
7724
-5281
-7562
-4258
2992
6812
885
6313
-378
-6401
6207
-5770
-1306
6548
-770
938
-583
-6125
7838
-6367
-8033
-3210
-3771
-6767
3561
152
-3308
-4650
2336
3683
-6311
473
9565
847
4889
-6507
-4404
-8539
9885
4151
-1004
27
-2821
-7168
6517
-6366
4104
3749
8249
3076
1643
9280
-3160
-2927
-8481
-4891
-2309
1842
-6128
2019
-2098
1682
7117
-888
2658
-9766
8555
3724
-6777
906
8405
-5800
6094
-2648
4609
-9434
-989
7950
604
261
-4426
-6117
2977
-9490
-3546
-2966
-8139
-9267
-1458
-2814
-7761
6999
9080
5908
-8107
7413
-5841
-4391
8829
-7232
-9831
3286
5447
-3219
3086
-7967
-594
1010
4645
-2118
1106
3669
-4812
-295
2464
-1538
-4815
-4578
-5078
-8967
-1775
-5814
1621
-905
-4461
4132
-5610
-937
-8343
-3144
-866
8356
-6863
-8676
-4355
-6928
-5010
-8767
-3836
-5444
-1378
5971
-9138
-1874
-9657
-6214
7221
-5778
9570
21
-6163
-1854
-6626
9073
6113
-6653
-7327
-3409
-6102
5854
2056
39
2906
7498
-8996
-8703
8172
8399
8632
-9430
4171
5121
6698
-8115
-9762
1680
4844
3537
6416
8934
-7180
-199
6260
5516
5059
-7617
-9987
7412
-6622
2264
-6445
-3815
3914
5055
-8582
5029
5916
-8998
-5832
7139
-7191
-2867
-342
7945
2271
1577
-3235
-7580
-8351
-2155
-2313
5959
-760
2724
-3209
6458
5126
9492
1157
5735
-5726
-5836
873
-2404
-4758
3410
3940
-8891
-8342
-1243
380
-6361
8531
2131
-3870
8884
-5073
-2911
-5908
6064
-7508
4945
-8557
-2169
6383
2555
7631
4480
-2069
-1462
-5308
9216
5811
-8401
-8971
8980
-3371
-4188
1551
4758
965
6573
2186
-6044
7817
-4623
5146
5206
9739
-4780
9338
-8948
8581
2333
7960
7582
-1685
-4877
-5018
-5616
-6712
-1314
-2299
9344
-1
2521
-6689
2097
-4601
-5235
-6720
-8501
-2849
-2974
8715
6814
3242
-3835
-8717
4714
-2444
893
-3345
7094
2241
4976
-3000
-6460
3878
-7136
-1695
4659
-4345
-7330
-8401
9332
4875
-7136
9693
3944
421
4182
3099
4900
1297
-787
-734
1682
4934
258
7658
-22
-9446
6998
2753
4054
5695
2343
-3978
9511
9190
-4500
-4662
8915
4640
-4263
-4544
-7253
-722
-7684
-2927
6554
-2092
-403
9681
4637
3273
-2382
4322
3103
-5725
3714
2429
-5574
-53
8069
9119
-8080
-1587
3842
-9729
3532
3884
-6555
592
-12
5377
-5705
-2660
-32
-7288
-6942
-2341
3745
1446
1931
4142
-7638
-3882
5705
6728
2579
-8191
8874
-6878
-9617
-6684
-9117
-2975
