5437
3806
7736
5435
7507
7650
5675
9511
2410
8701
8955
9612
6227
3378
1671
3231
2531
1817
6392
2003
6412
6457
4371
8461
5922
6961
5803
2389
8802
6598
4611
1932
2164
3852
7497
5181
1213
8188
4815
4144
4251
6216
9170
6681
5832
6615
9452
1186
8342
9267
7206
4730
7616
6717
8822
4581
7719
5390
7266
9655
5862
2848
5425
2459
3767
6665
9230
1734
9244
2927
5128
2593
4552
6159
4487
8735
7497
2088
5401
7788
2792
8545
2564
6227
9164
5717
7946
2192
3390
3709
8157
1278
2737
5064
2600
2468
3942
2288
5818
1858
6720
8917
4094
8780
5011
1447
4651
7060
4754
6803
6921
7291
1409
2050
1573
2471
5992
1325
5591
8541
6651
8166
9751
2183
3294
3581
9333
2027
4600
6408
3219
2497
6889
3294
2266
3620
4835
6013
6934
2369
4067
3224
4099
1494
1724
5297
2453
4426
2656
1451
7289
6226
3917
7286
1654
3116
2664
2946
8847
4715
6337
2128
8158
8903
6431
7133
7563
3320
4224
9128
2672
7644
7964
7447
8324
2106
2357
9122
5826
2851
8917
4282
1950
6123
2111
4242
9052
1532
8678
5770
2232
4634
3441
2305
1723
9163
2383
7433
6108
7152
4395
2229
5779
7308
9272
2360
8102
3243
7061
4121
9308
2679
3722
8286
7714
4237
6217
6899
2198
2590
5256
4916
7818
5513
8476
1202
1176
4913
8159
2444
7637
2195
7972
4450
2307
1209
7479
5739
4475
7076
9099
1724
7149
4281
3071
5160
1305
8597
5292
6346
7284
6702
7709
6110
9469
9744
8337
6371
7973
8220
6304
1241
3442
8817
3542
2065
7079
8353
3292
5484
1517
5322
8235
7586
9670
6111
1364
3566
7094
4832
8966
1852
4654
2518
3714
3078
9426
9249
1933
2610
9625
1630
2228
5863
3747
2975
9625
3264
5161
9096
9446
2764
5171
7822
3338
2249
6130
8231
1627
1869
1832
9506
7909
1350
7624
9690
1706
8908
1595
6973
7889
6613
7295
8173
6679
4525
4669
5077
2966
9328
9041
9061
8400
7407
9491
1782
5794
6227
8496
3267
1986
1272
7555
2666
2145
7265
3495
2632
7311
6673
7973
8558
1821
5017
7579
8354
8185
4427
1285
8748
8002
7229
6332
8866
2711
8578
7303
7530
4478
7111
3063
7203
1378
1870
5563
2093
1098
5320
2535
3123
6226
6162
1288
8365
4007
5466
5245
2864
6994
4923
9019
6339
2003
1896
4974
6004
1975
8218
2555
3689
1346
6611
5949
8211
4309
6497
9513
1847
4176
4693
7733
9637
2218
9037
5702
8097
2061
5797
3232
7300
8922
9490
8286
9254
6583
8543
4332
9168
4385
4879
7220
5476
7103
7195
8831
1246
5191
8484
1457
2040
6825
8588
3533
3446
2910
9583
1287
3766
7126
1171
1678
1616
9023
2036
7062
3674
1801
9041
8459
4189
2192
8728
4650
9252
8510
2188
5603
5628
3555
8310
1063
7277
3915
8519
9580
5450
8464
9213
8070
5671
4797
6280
6234
3990
5956
8202
8279
5143
3308
3098
6960
1309
2673
2128
8339
6444
8027
3304
5237
5226
1519
3988
5805
4830
9251
7250
4247
9329
1105
4977
1941
9131
3034
5804
7161
4527
2433
5106
5627
2539
3895
9564
9274
6588
6300
6944
2021
2786
9281
3248
6363
2334
3934
8807
2460
2950
3153
1915
5289
9385
5898
3701
1505
9061
7903
9207
4259
2375
7037
9644
4062
3142
5643
1351
7989
8621
8371
5164
2763
7549
3841
2860
1606
5929
2241
7215
7535
9281
5210
9544
1064
9407
5831
5172
7614
2215
4168
5299
5550
4613
5385
8754
4785
9610
8866
3077
8992
7352
3037
9136
9182
1825
9108
1487
7647
2761
5554
1239
8421
9031
6858
7061
9200
8055
4859
9050
6050
2136
5137
8007
6209
7109
1839
5306
4822
4066
6450
4563
4663
1676
5736
2509
2898
5868
5721
6675
4946
3024
2818
6736
7102
6102
4602
2384
1428
5207
7037
7369
8244
1405
4550
5972
1987
6612
8969
1989
2224
4652
3491
2418
7248
2823
4542
3087
9403
4355
5841
2903
7069
8164
6825
7926
4759
7575
6828
5638
1148
9050
4802
5653
7393
1427
4743
4237
5910
8112
6025
9420
2754
8477
2933
3783
1600
4830
3274
2407
8809
6887
4602
8356
4504
6439
7022
8165
2636
5050
8812
2253
4142
3553
5473
1018
6070
7371
2402
5374
2155
2660
3834
7943
9627
5772
5440
2574
8226
8839
4407
6393
9741
2456
5687
5763
6443
7885
9373
8131
4200
3025
2111
1427
2516
3024
6312
2425
4831
3867
5102
3304
3843
7463
8025
1962
7024
9257
5374
1573
2012
7262
6554
6831
6199
3442
6740
1019
4497
8656
6453
2236
3311
6134
8993
6783
1521
1388
7290
7091
2393
2252
8889
8893
9087
7058
8078
1431
4422
5734
1020
9727
8787
2295
7443
5354
7864
4036
2359
4420
6435
6870
9469
6045
9200
1957
6094
9526
9215
3943
6655
9569
7943
3441
3371
6057
4638
5930
2962
6004
5732
4770
6905
3768
8888
7786
6936
2698
7628
4726
7246
4224
6167
3411
3215
4267
9250
3397
4127
7578
4546
5267
3902
7691
4280
7216
9440
6391
2015
7642
8516
2164
6960
6693
2902
8600
6385
6541
2980
5260
6002
3680
1836
9057
7366
9589
1726
1225
4935
3529
1754
2816
1421
1218
5922
3066
5231
4498
2821
4828
7750
7195
1333
7524
9166
5782
5025
8416
4217
4895
4413
1532
1718
9094
2209
1450
7748
7695
8330
4501
4674
2198
5423
1379
8200
7750
5357
2004
3766
5476
7654
9158
7872
5104
7710
6595
1890
7807
7900
6410
6374
5272
7020
2077
4980
5459
4659
8474
6637
4028
3466
8821
3285
8181
7786
7495
2020
5294
3102
8947
6160
2943
7714
6598
9505
5503
5435
4039
6104
6545
8176
8376
3520
5247
4682
6870
6114
4305
3560
4156
4748
7564
1112
5272
5920
5751
5146
5011
6839
6553
7676
8273
5506
7208
5913
5683
5694
1044
3979
3770
9366
5749
6060
8815
2934
2532
5428
6001
7276
8422
9236
5750
4547
5391
4557
2708
4942
4913
7831
5980
1412
8598
4653
7619
4383
3206
8018
5710
8479
4727
2617
1774
8003
2353
1068
9618
1368
8259
4432
8917
2197
9027
3479
9490
3235
6493
2724
5207
9080
8568
9208
2792
3210
7398
6304
6557
9108
6982
4908
9738
7443
5697
7820
3530
7920
6052
3651
8174
5341
9656
5994
5832
6984
7446
5004
1227
8600
1549
4448
7525
7489
2547
7201
6436
7365
8062
6796
5469
7687
5638
4716
3978
8306
7512
4889
9051
3553
9674
8695
9595
3510
4878
7579
9038
9494
9168
7725
2888
4755
7357
2934
9429
8518
3919
4201
4965
7488
7513
3216
2459
5851
2378
5896
6308
4374
4330
4197
5166
9068
7207
4033
6694
8948
2008
7085
1925
8207
3047
2861
6934
2413
1136
6094
5906
8506
2265
1794
4429
4013
3219
3826
5583
2688
4394
3650
2361
8528
5231
3539
3733
8683
9598
4924
7830
9163
2185
2363
1614
7144
9260
5481
2027
4609
3458
8282
5793
9747
3650
2617
6782
8168
7057
8297
9238
2148
7918
1287
4253
7727
7157
4323
5228
3958
8903
5658
1776
2622
3912
7498
8124
6654
7573
3543
9389
3279
6922
6164
6669
8810
4640
7917
7168
6515
2622
4163
9077
1356
3631
1184
5392
8345
8609
3385
5817
6462
5582
7747
1470
3104
5517
3883
2467
4461
9039
1483
2688
2004
7020
1866
7511
8578
3791
5746
1189
4528
6796
8904
9340
4558
7119
5312
9476
2361
3724
7422
5814
3544
1495
7775
9489
1665
5850
1274
9003
2857
3554
3353
2693
8036
6731
2194
8649
8390
8870
1897
3222
1527
7401
2185
6006
2023
7673
1658
7031
9345
2867
2830
2675
7909
4779
3823
5196
1426
1505
8010
8637
3316
1385
4701
8273
3743
9291
8316
4211
5820
8609
7595
1387
4819
4681
3515
4073
3136
5091
2330
5847
6299
3356
3298
5320
6714
6923
6452
4664
7162
8478
7182
7349
1038
3818
4159
4049
1855
6525
2023
1498
3021
9719
6411
6275
1454
8768
7368
3855
7342
8208
9519
3955
7045
5223
4537
5949
8001
8520
3996
9586
9610
2602
5620
9703
4782
4215
3143
8810
5797
4086
5489
4976
6987
2645
3987
7263
7157
3118
2246
1605
7371
1624
5659
9155
6225
7108
6120
4011
8425
6732
3441
7000
1263
4148
7419
7531
3891
7346
8588
4194
6369
2917
2668
7598
8621
8571
6137
3218
1692
2396
1556
5815
9126
7964
8503
6760
7221
2276
4189
2589
6529
1547
4329
4675
6155
1389
1146
2278
1508
3334
7401
9502
5588
2438
4803
7837
8239
3782
7962
6700
9205
4309
1401
1020
9604
5595
7690
5904
7892
6511
4732
2060
3701
6130
9138
5442
1104
2410
3271
7890
8591
5766
7755
2575
6058
9632
5840
6760
3619
3754
7852
2965
8214
3039
8000
2697
8637
1270
7290
9516
2689
5610
8458
1942
5336
6463
1103
7495
9404
8662
9330
2879
7772
4818
8570
7234
7218
4183
8102
5084
8418
5745
1771
3536
1219
5723
1594
5025
8551
5964
2661
3846
8111
6962
5817
6754
3662
1217
1383
1655
8987
3561
9087
1330
8405
8688
3783
3938
5573
5114
3878
9208
9091
7380
2135
4277
6018
7944
7971
3222
6323
3591
5824
8381
9347
9711
2346
9463
8122
5342
3803
9513
6487
6958
7392
4597
8239
2577
3402
8249
6284
4714
2855
6590
9148
8119
2487
4101
8049
8481
2215
9197
4391
3975
9322
7155
1112
9101
5807
8973
1577
1756
1036
9700
4524
5120
7023
1380
8184
6120
9009
5592
7011
1862
1084
1362
4723
2380
3017
7725
9167
1521
8400
6856
2953
5750
4741
8029
5416
3733
9411
7240
8468
3520
7229
7073
7055
9668
6253
2764
9687
2446
3736
7126
8148
2141
5062
2212
6964
2721
7990
5798
4193
3859
5566
9595
2683
6258
3331
9621
1447
9742
3067
2090
2956
5710
3226
6845
2877
1081
1527
8187
9193
1350
7121
2752
3821
2114
8157
9671
8871
8497
8731
2352
1849
3180
8831
3546
7948
2885
1561
1631
1607
4740
7835
6564
4298
5285
9330
6495
2774
4511
8222
5859
1895
4137
3463
8536
4753
2892
6401
9528
5798
2605
8212
4775
3716
8251
8356
5326
2359
5934
7415
8771
8002
6761
3462
3169
5382
5206
1119
7360
3403
2486
2978
2710
9105
6735
6346
4350
2390
1291
8918
7675
9310
4352
3731
7691
7050
5714
1778
3462
7604
8258
5876
2047
2441
2831
5444
6115
8347
1372
8280
2095
7594
3798
6930
5249
7653
8747
4228
6027
4360
6015
9475
4075
6112
1808
7930
8030
5731
8987
3019
2018
9472
6807
8303
7381
5957
4404
7322
9007
3264
6930
6984
4670
7190
9707
2755
1075
7437
2768
1204
3052
4959
1715
8918
1229
1550
9422
9003
9336
2251
3724
8903
1641
9061
9367
3085
4689
6213
6206
6462
8576
8692
4957
2822
7489
1151
7345
2881
3818
7603
7263
3288
2783
8864
8526
3447
6189
2356
4671
2386
9537
2055
7545
4085
4525
3059
3757
5511
1928
1796
7728
4059
8506
4711
9007
4629
3491
2228
5184
8912
6719
3475
4176
3840
9402
2246
5668
6256
4457
8417
7390
9667
7309
5781
8848
2724
4082
1846
1346
7748
9676
4447
5510
5625
2960
4968
6225
8987
3302
5977
3113
1219
6001
4323
1481
2557
8000
3546
1575
1727
8651
3603
4702
6932
5708
2210
9334
4055
7820
4869
7317
4486
2921
6018
2302
9526
8008
5441
8396
4036
5704
6027
1237
8923
6634
5834
7935
2188
8913
4160
2312
2833
2335
9627
4959
5225
1152
5517
1213
6126
8726
1401
1911
8994
8392
7398
1008
8782
5377
6788
6169
4785
8241
9613
8258
3513
1496
9358
2833
5412
1446
7257
4699
2690
7427
7455
5510
7306
5973
2486
3376
3277
4402
2054
3677
2140
6747
2550
5174
1104
7576
9054
9124
8992
1910
6448
6093
5360
8492
7984
9224
9653
6071
6152
6089
3353
4371
2110
4380
2356
4230
9375
1858
4740
2099
6708
7460
6934
1549
2250
7531
2823
5468
3468
4787
6601
6149
1078
8511
3776
5515
1556
6896
6259
6761
7287
4128
3825
7760
6729
5930
3046
8218
2048
5813
8778
4724
5548
1440
9322
1215
4047
6639
2130
3826
9621
1206
6926
7919
8985
3911
6845
8159
3526
7744
