5612
5792
1115
1706
2567
268
7371
5971
759
8434
8554
6856
84
9286
1185
9485
7913
5376
3476
9332
8875
11
7506
8737
4229
3507
7847
378
7057
8596
7131
7105
3177
2694
719
1085
8723
7794
9181
4100
134
1281
769
6213
3897
8518
3484
3230
1750
6607
4694
6418
3259
8241
1683
6025
7608
3471
7612
7600
6161
6948
168
7983
4632
7759
5270
3804
2650
142
1359
5979
7063
5705
298
1469
9793
4176
3554
9300
5748
8874
6387
2173
4748
4613
1230
9847
7629
3170
353
2498
186
8835
9311
8530
3060
6620
7094
1647
5952
40
6497
5291
4901
4839
9734
8151
8285
5034
8374
2045
9418
7904
524
9501
6068
8931
353
6515
6627
304
7034
2521
2909
9780
6345
8979
698
9225
5222
4965
9440
7565
1102
1252
3601
4313
9645
1044
7210
7344
5722
7485
6100
7794
6596
8323
6154
5042
273
8174
8634
3189
9889
3011
7344
8912
7208
1475
4366
2582
1198
576
2297
3538
9733
7846
431
8330
2135
8307
2623
5466
7670
9433
9882
6040
2709
4545
2633
5729
2449
1144
2014
1630
7008
8990
6632
7344
3823
1522
45
4397
2509
2432
2506
8131
4919
570
1835
9435
3909
7756
8017
4141
4821
1875
2073
3144
7841
9619
4647
8181
1998
6732
5373
9764
942
2706
9425
3217
9362
6341
5212
8333
5643
4288
4079
4153
5287
9723
3083
7284
8102
2638
4750
4768
7880
7898
3572
8558
9615
4538
3909
1595
9633
9023
2705
6651
5055
1934
6239
9991
408
5407
7608
5022
4383
6686
8956
3455
2498
1434
3916
3884
6162
79
9309
8001
3911
5264
5002
5963
4146
6018
6658
7666
9173
7728
6064
7879
8230
1698
9209
8348
3017
6044
3821
4448
4917
9718
5844
6286
681
118
7893
234
4657
7872
6352
9865
169
9452
3516
7563
8963
6941
6986
3053
3773
3929
82
8706
8741
1168
8946
6280
1908
6772
5746
4581
5390
1188
6903
7643
2479
8986
6761
7616
2446
9860
2202
4206
6342
3138
4116
8507
1892
6366
4981
1482
6613
3589
2263
4013
1869
654
4324
4131
1526
5623
761
3150
6069
4535
2586
8221
6891
6829
1378
7531
1649
1882
520
8914
7199
6153
3909
4296
124
9621
8031
6745
1937
585
8385
97
5755
2492
2865
567
7015
6165
778
8926
5352
3725
9392
8684
4648
1187
7109
3130
3327
5038
6132
309
5204
212
4305
7019
6664
3663
3207
8001
6999
8777
568
7563
1798
6588
7287
7543
2148
2968
3416
8403
3085
4144
5871
2954
4672
392
260
3102
284
1287
3652
3715
1857
5442
6705
6935
9250
7980
4022
2120
6808
2492
8114
9532
3554
5130
1344
1152
3949
3445
9073
4085
9998
3848
2981
5914
5723
531
5354
9930
7738
1162
5883
9206
8452
4360
7079
6780
8023
3922
4163
3268
6994
4406
1014
6978
1364
695
3582
2439
5416
3886
443
2984
1069
4552
2845
7057
4479
2790
1080
8057
7091
9736
7943
9446
8660
2856
6635
2851
5787
7471
1070
5898
3472
9954
652
9489
5841
5201
2964
6521
1902
4813
4126
6606
6059
9509
6558
3597
1699
8262
9418
2964
8356
9160
6092
4036
5838
4389
3829
247
55
8745
9286
8133
4561
4404
8920
6118
1305
5631
9081
147
3635
3214
5298
6776
1636
9120
3218
9080
717
3722
8924
611
5920
6232
5473
4692
3664
1777
8530
9411
8016
2980
322
4150
1281
8872
9382
7403
372
5958
4269
8435
8271
3998
3904
7934
3312
8653
4896
4245
9188
5823
6900
4947
4702
2582
4587
9207
8739
547
2685
7552
2883
7574
7829
7077
9147
9667
5327
2925
8019
5573
8258
5944
1796
6132
1299
3035
4584
5968
3132
3331
180
8849
9659
9924
3778
26
226
6403
8049
5104
1464
6568
6308
5422
8913
4422
6171
1423
2316
3770
8057
5567
9258
1691
1064
2680
8424
2746
9579
4727
4197
8406
8198
2176
2909
735
3512
3641
5798
1895
6556
28
4863
3145
8556
1396
3984
3010
8325
2410
7045
5444
5621
128
9271
8581
830
4725
7245
2253
4789
3370
6453
2466
8012
7396
1043
6431
1411
4785
6683
2576
7096
3175
4961
6440
1466
581
8588
7714
285
7255
8986
4711
4703
873
9243
3006
5784
5250
6732
9805
3915
9812
5194
8447
5955
9818
9330
1242
726
307
660
4910
5754
4028
8545
5107
9167
4602
2722
2766
4769
3357
401
499
5051
8969
1433
1980
6150
8921
9293
5514
4758
4086
6467
2373
9428
7965
464
6997
3720
2201
4420
6620
1077
9359
1835
7963
9339
8974
3599
8288
2768
985
8972
9291
8109
1384
1651
1962
2304
767
5505
608
7472
8664
2873
473
5793
8797
7111
3348
525
4891
7355
7786
5489
1037
5518
3168
7449
4723
9253
7422
5021
9770
1149
6542
3508
6957
9599
5170
1175
7007
7451
3941
5442
2405
632
2836
1828
657
9482
5986
6469
8657
7768
954
3013
2949
8479
7829
592
9220
6494
8436
9948
5530
3810
5619
3939
1107
1832
7429
7358
7072
2833
4825
2534
5938
3877
8359
9688
7635
1272
8216
8841
7102
6090
6873
4849
9730
9435
2200
315
8198
1780
9330
2877
5425
7949
3443
6843
9646
3430
9284
3618
4612
5662
5069
4955
4997
4705
2224
7941
1634
8470
7835
5713
283
3489
7284
3363
6687
337
3245
3545
5305
7786
166
3702
5753
1112
4097
668
3095
918
3175
7036
8714
6762
6345
7562
1829
2754
6174
9216
4005
5635
5194
507
7461
1970
9493
8482
1681
768
5769
7274
3547
3576
5661
5674
5380
2617
5249
4580
6129
17
7896
4851
2571
1340
4696
2445
9675
1312
5202
101
4078
5151
5027
2450
1578
2946
4430
107
9779
1688
8587
9049
8074
2846
1233
5335
7455
8580
5138
1530
7143
6626
1053
5878
6262
4191
6884
2030
4401
3124
8878
339
9527
958
501
2408
3745
1133
6083
9380
7076
6969
5298
4068
3704
6744
3371
5319
3453
3865
1106
9018
139
5343
5407
181
8901
9077
290
3212
4668
4778
3736
6408
1724
5437
9030
2384
6308
4144
8840
318
1736
6920
6122
3785
7236
531
4859
974
9899
7109
9908
4592
6126
5464
5296
441
1441
7493
7812
7174
1632
3674
547
3774
871
269
5760
8392
9788
8671
1397
4836
6412
7927
2858
5374
2196
4693
9319
7129
24
5
7788
3685
4038
5104
3782
1943
4278
2467
4970
1293
6017
8161
5769
3155
2295
3862
6671
1604
7496
8777
384
4951
3989
1979
4088
537
4327
4919
8713
9750
1400
881
8280
9224
6579
4226
2380
9079
398
5620
2544
2819
7417
9182
8162
1010
4479
6335
2892
9989
5768
6684
3905
1269
7579
2493
5399
2802
1801
2450
7120
1800
371
4936
9581
6091
295
8819
5205
2517
2509
7506
6518
7359
4835
8909
3957
8398
6060
7729
53
4489
7887
9601
1045
6669
1061
6806
6490
9979
2980
3300
5199
3517
594
2943
7359
6751
2285
363
8515
7675
3495
9083
8421
6130
7352
6602
6621
1954
2324
6324
6747
6114
8360
7360
4214
2882
7648
793
4729
6727
9196
5348
7518
6312
58
6514
1341
3631
4585
7282
8782
2086
7058
4481
647
758
1496
1275
2341
4180
242
1008
2130
2546
1912
2648
1222
9960
5305
3997
9606
5415
6480
3191
5371
9134
1145
5328
5026
2338
2233
4605
8264
7565
8400
2814
3431
8518
851
427
57
6386
7779
1191
9683
8434
3932
6213
5217
2788
2597
5549
9422
1040
4058
2620
6531
875
3263
4938
8604
7074
3804
6593
9162
7130
7771
8064
239
3588
899
375
4151
5552
2015
6513
6009
4958
4375
490
9089
6650
4796
776
4836
2743
1358
9769
6359
8999
2069
7171
4698
2308
2982
2684
8685
851
8613
8885
8128
821
5762
6885
6390
2997
6399
8937
8767
947
4221
3672
2821
7133
2061
6340
9803
5016
9501
5121
2267
445
22
7647
6982
8381
5949
2857
6959
9769
2609
1653
6422
5705
9792
490
3864
386
3540
1271
7794
5386
3677
7912
4606
2197
489
5334
6777
9514
6033
6314
898
330
5273
9862
9084
238
7033
7749
2881
4622
7141
4302
821
1199
5810
1777
95
206
8375
5942
5991
595
5834
1986
2204
97
9198
4189
6248
8056
4071
5352
794
8768
8911
6616
4411
15
1923
5540
4577
4426
2216
9422
5836
1685
3314
3614
8700
9426
898
8038
5297
3922
5704
5147
7691
9879
8190
9463
8469
6637
4006
3789
9772
195
5141
6233
7370
3221
4869
7011
3700
2437
3973
6732
6584
7541
2261
6444
9757
6731
6079
5809
9859
1782
8992
6636
1684
7305
4492
9771
5756
166
4138
4597
3179
8294
1106
8663
3415
6576
2134
5107
709
5040
684
3901
272
4413
7362
7619
4603
6544
2052
6903
1907
6921
5708
4703
7551
6592
9390
9721
8758
6803
370
8235
5257
7553
4555
3019
4181
1522
3310
3944
8374
693
9726
1633
2283
6170
8021
6253
4612
8271
8909
6443
5299
5070
8190
3676
3809
582
6760
1374
671
1930
4245
666
3238
4998
6091
3586
4951
6536
5079
5330
1440
7137
7894
8682
5812
1249
1700
8714
1825
1186
4443
9124
9705
7711
2519
9866
2031
1516
3014
8698
9497
6720
3013
4493
2657
2986
3864
2828
5296
5811
2586
4619
2539
5858
8409
2618
2476
6216
2439
6972
6573
260
4259
281
5824
9846
9450
3077
7134
5497
7996
1920
4196
4266
1776
3341
552
3589
69
379
5707
4669
2731
4665
1463
7471
4769
1811
8642
2787
698
1275
7214
7261
9374
8235
3907
192
6197
6513
5501
1514
6053
8060
4454
7590
6525
678
2841
6310
9870
6703
720
9512
2641
5014
325
5840
794
481
381
4119
9297
3606
1824
7564
8846
6532
6881
7469
6608
8308
7303
845
5010
8038
7446
6032
9513
9828
6241
4786
7665
8445
4284
8783
3775
4895
2306
2246
6257
8177
6385
3873
261
3295
9995
7167
6229
9322
2692
5866
2794
1586
7345
254
2156
6606
1672
2489
4824
7611
7105
6433
4445
4724
4905
3228
7708
2106
345
2540
1106
1104
8810
7353
4271
7622
2239
2428
5291
5107
6765
9720
785
4261
9753
6105
9565
7740
4159
9335
6983
5897
7499
1913
8901
9303
1707
1829
504
5312
8707
4221
1136
4018
8091
9690
7024
6793
2258
4278
3013
2240
797
8138
5585
9755
225
3967
9779
1435
1843
3591
7856
1097
5406
6730
5259
9566
660
3394
8384
4695
7483
9242
6075
8910
6304
9500
9860
3041
5362
5564
808
7079
6398
9443
2620
112
1716
6972
843
7263
4406
3780
4275
8953
1643
7941
5698
898
9089
2572
7426
5381
145
169
4383
7989
3710
5216
323
5279
308
4208
4623
4443
2194
2915
1472
6888
4842
2646
4129
7870
8740
1567
2372
1598
543
6050
5908
152
9551
7650
3664
2156
3867
8012
7796
1628
3467
7934
3983
9098
8102
5145
8243
1846
3606
5403
6627
2623
8127
8847
2716
6462
6799
5088
791
2123
9360
9676
623
9345
6860
486
590
4422
2330
3728
8932
1448
7250
8107
6188
9066
1704
6698
1429
1998
5937
8195
3666
7295
6427
5964
375
8597
8901
4944
5055
4722
1689
8641
8276
3324
8449
5466
106
6207
9207
1813
9993
110
9191
401
3083
1033
5096
8739
4155
8881
4241
5449
602
3474
4723
4684
5136
8586
6112
3295
1972
5748
2604
3974
4711
9500
2105
8023
9864
6922
4638
8093
7046
2271
2465
2223
1950
1248
8050
7525
2975
2429
7643
2145
842
330
8900
9549
7318
1318
6979
8160
6483
453
8996
3865
9375
1354
2282
155
4084
7847
2759
8538
8300
4454
7799
7257
4466
584
9855
2299
816
2608
4793
4022
5218
176
6042
6347
3084
5408
2983
7960
2142
8982
9466
9942
7175
7930
6120
4024
4893
5482
7990
2408
316
3918
5207
1487
2464
7942
8122
4608
8723
1647
2388
9497
2744
9932
5534
4451
8070
8714
6749
2051
8971
4810
6777
108
9605
4661
7977
3959
9706
9111
2246
9659
3664
3702
8631
1951
6399
4607
168
4477
2615
7650
9277
9238
9336
5779
9939
1609
5196
166
5921
7136
5286
9112
4747
6810
4574
298
9127
8664
206
3293
6157
7579
7973
1224
3414
1737
7532
2805
6127
1675
2322
5963
4944
161
5027
392
7951
925
9493
1635
806
6921
1065
6583
6609
9072
711
5136
7680
6876
3007
7887
409
902
2912
4880
8770
4073
5557
7886
3587
1772
1066
5681
3980
4420
2711
9269
9342
4340
9173
605
9094
7156
1448
351
6494
4178
4933
6290
3068
1954
6241
7157
9696
3208
594
7476
3337
8653
4495
1444
3832
3252
1279
3244
925
1606
5295
4825
6732
6801
5406
7128
1402
6718
3095
5439
8098
2571
2101
2096
1252
6320
6977
1297
8547
9619
5024
4124
7637
2188
6980
1658
1652
6216
2065
7461
8829
9990
4093
7332
6055
8922
557
9542
7576
7351
5696
7777
1660
5241
8702
8435
5232
5304
8418
193
4439
9879
2166
8556
4621
2479
4324
212
1050
4140
7234
2972
9969
6372
9749
9980
6705
2502
4152
7486
9166
7324
8781
9424
5314
3862
1120
2081
1392
2251
6581
2367
9411
5894
6390
2532
2085
9595
5834
4146
3429
6792
2531
2541
4496
5061
9012
3363
3075
711
8268
7001
2815
9334
247
3121
3260
6208
46
2711
742
339
9533
5652
5612
4827
5792
529
6741
6657
3143
6216
3385
1207
4990
666
2707
5267
3831
9302
6062
2549
9038
2116
5811
6599
1728
4852
4140
7620
3390
6599
4494
4910
9078
1169
1360
7099
6089
9544
7167
8226
4039
4618
652
8548
2167
7416
6566
2545
8632
8799
5183
1679
5654
8252
2510
542
9067
7723
5630
2363
829
6337
330
4776
6496
2585
6644
3763
8943
3668
7606
7211
523
591
6972
3582
4522
2969
7806
4929
6769
7019
6488
1408
5862
2187
4232
9589
5281
7953
2127
2849
766
9557
4727
830
6862
9785
4735
603
5860
4781
8421
8424
3631
2051
5772
3476
1567
4341
6365
6746
3733
5136
3285
5537
631
4071
8483
7285
289
7129
5519
5379
501
3099
9737
4669
941
4269
1746
2567
4285
6257
3782
2556
9463
2738
3115
1053
8477
9194
7154
3178
9092
1446
9503
5627
5548
7239
5
7968
5186
420
3784
3878
1538
5505
4020
9240
4037
1988
4889
7452
9557
2934
213
25
9132
2781
2595
6992
172
5560
1672
6817
9001
8217
46
3084
8456
2188
6467
8329
3807
3507
9615
1708
2725
3939
3367
4815
7454
7063
2708
5460
3336
7362
7299
6557
1692
5316
6304
6599
8956
9352
4599
7643
3374
1170
6873
1774
3726
746
1914
5782
9301
9225
1044
9484
6651
1709
3392
9251
48
536
7957
6112
3790
7366
8384
6735
3954
1678
2231
3320
9194
8726
9239
2128
3783
9742
5621
7881
5962
668
6395
623
992
4009
5698
5223
1333
5148
2020
1753
9778
347
5467
2748
2460
3597
1305
5804
2036
5430
824
4252
2250
450
1278
6228
1516
86
7163
2091
7259
3271
444
2116
4106
6693
8465
4552
6151
7414
2223
2461
4608
7083
9206
6862
922
6619
1713
8279
7812
509
7070
7987
1244
2860
6850
6164
1893
9599
3697
8158
9551
866
4366
1540
1935
6522
1588
9773
5009
9959
3688
670
9793
4581
1538
6494
5535
5380
1103
698
6251
5025
8319
4214
8967
9807
936
1777
3903
7291
6257
63
4492
1041
3613
3585
4371
2371
828
8643
3913
1822
8607
3998
7681
9280
931
6810
3331
9588
8843
1086
4634
5610
8802
248
1340
5297
512
6858
2077
1875
6542
2613
5091
5878
5122
4407
2137
1073
7957
1148
5039
4527
6876
3504
6044
8231
747
3579
5435
7956
6385
5589
1678
4327
2730
7778
3646
1648
656
8708
4093
4183
4713
6910
9247
2888
4721
6824
671
4783
5389
9374
9136
2032
5642
1681
7626
7978
2591
2404
6649
368
5093
8238
3634
8366
4052
5046
719
2388
8166
1243
6779
7964
5440
3934
6995
82
1260
793
4280
5300
556
5263
8898
9993
2257
7780
4465
9247
5714
5948
7028
6480
5547
1273
7662
9934
7815
1301
1402
4961
6056
6633
9000
3161
6405
4786
9599
5363
1413
1619
7892
4796
1415
1993
2768
506
8204
9553
6256
6941
5925
5987
9597
9494
4657
5957
1219
9052
3127
8949
5371
7623
1023
5507
7488
482
3288
250
8916
1573
4715
9577
4410
5825
5181
7633
1129
439
4051
485
4099
1261
1248
5515
765
9247
6387
8160
4828
2192
6038
3124
7190
7907
4010
91
3400
820
3826
2356
8426
3494
3340
4124
8093
4691
5271
9844
7009
4051
1001
9355
4072
53
9327
7475
1628
5808
8003
5331
9192
8823
2586
1566
5221
4578
4290
3146
525
6585
8844
8699
8270
5962
6181
389
4080
220
3794
5797
7682
9200
8660
8659
6708
7567
5994
6543
6433
304
4798
4170
8534
9418
979
301
5317
9044
9674
2446
4081
7988
2225
8470
837
1272
2020
1917
4477
9012
9325
7690
3264
4019
6509
2839
5407
8807
3462
8047
3530
4549
6819
7059
6577
5647
9795
1182
3850
8544
3285
256
4058
2440
6111
8100
474
9923
7961
6409
892
2326
4837
4602
1791
4389
6939
1179
8707
1187
7308
5832
2362
484
7530
736
6423
7644
8829
9545
7260
7563
3064
8754
9121
562
2801
1385
8492
8613
7669
5641
8272
846
6580
1733
9528
9658
6072
1365
2684
9365
4788
3485
1398
6195
1982
231
9525
8852
7910
7341
778
6431
3183
7728
6824
5877
4031
2917
2402
3682
9768
3857
9763
5012
398
1310
3932
474
7977
5026
2150
3482
6544
7693
6145
1820
2678
5474
6321
8477
8805
2021
8030
7733
6758
2847
5048
7196
8281
7550
9962
1079
6148
7613
3066
5690
8986
8341
6187
6811
3822
2216
4101
2388
1914
9640
3922
318
4440
7928
4101
7804
7865
9426
3777
1615
7382
2688
9656
3073
8237
1775
7091
9265
8120
6306
3665
4151
4413
9887
1807
875
6814
9135
865
8537
1936
6241
4441
3997
9828
5644
6507
2795
3028
6742
8817
8542
288
9655
5701
2486
7494
9928
6944
5450
1846
1984
4417
7282
6358
4080
1494
2363
8429
6529
8828
6358
6256
8237
3948
4649
2041
6583
247
1303
158
768
458
807
5697
6488
7202
119
7716
9925
7082
9970
1144
4106
6746
8865
181
4056
8055
7420
5701
1167
6587
4960
1122
2089
1926
9161
5898
8592
4790
8722
8521
3815
4366
7555
7129
7090
8265
8503
3333
8570
4283
97
372
5999
5334
8208
5375
6421
3276
1906
9074
7605
1512
4595
3746
244
4639
4270
1006
5544
9463
9971
9027
2412
7858
7462
2690
6659
7756
4507
5015
8028
1129
2372
4491
6889
2957
1305
6951
8044
2111
4473
2830
487
3026
8616
3727
8859
4452
2764
8128
1789
2619
7688
9219
2461
5990
1010
2120
1421
135
2363
3494
4831
5759
1081
5745
8092
905
6213
8057
5160
8451
4517
3695
2438
8380
7227
2457
1581
6103
338
4950
1762
6703
9420
2997
1013
6449
4637
5746
3217
238
3504
6506
4986
3943
88
7216
9103
9551
4488
500
946
2954
636
6172
709
640
1277
8778
1089
5676
2651
3503
8354
2246
2610
5392
7071
9763
2540
2280
3159
608
2635
5151
2734
5611
7851
8557
3673
2296
5839
2949
3231
4004
528
3255
3114
3818
8421
6832
564
3965
3441
2015
5051
7352
4232
3043
165
1157
4724
9741
9482
1453
4204
3764
4750
3332
4803
1977
2686
5981
1570
7228
824
6146
9830
8361
6079
832
5533
6404
2742
2718
8961
5910
129
9569
1018
3755
1778
2332
8992
1601
2288
589
6018
679
519
1039
2730
9524
9192
9271
5847
8866
1051
2585
7794
4472
8526
8558
9641
3552
2918
1242
3905
1119
4002
5094
5813
7485
2513
71
7831
8645
2752
3609
4630
6561
2683
5742
7484
6483
86
7328
4441
354
8437
259
6290
8733
9785
8837
6649
8695
182
1914
6371
7511
3597
6603
8297
3020
905
2620
791
1923
8528
804
7048
6684
7244
4438
4426
7479
7172
2785
7840
9671
9096
9684
971
6192
5184
9287
6765
5923
6302
3410
7930
5659
7811
4450
3233
3959
5669
3821
3929
27
331
1309
2330
79
1635
4843
849
3294
9525
5359
8668
4418
786
2936
8075
7816
4097
3900
5182
5552
7319
9148
4641
865
2396
5948
223
7131
6327
2849
3623
7298
3150
2939
9421
8840
6736
485
4247
4696
9577
726
3744
9589
9264
4632
1057
9201
5614
2894
5785
5436
7318
2340
5014
1251
3328
7177
6400
3386
7953
6899
3839
5999
3560
3835
1424
5070
4878
3377
2580
8194
4568
4300
9103
442
1401
8526
4224
4104
8595
6816
3032
8445
4962
1907
2431
1965
4885
4754
5514
4182
1463
6548
8596
686
4036
6941
7499
9124
7339
2885
8242
3154
9925
189
7777
4250
2676
4179
8096
5202
6888
2585
486
6366
337
7003
1578
5099
1935
2253
7332
2544
133
509
2647
2246
8910
2176
7107
8567
5927
3189
1151
7389
6116
822
2863
4727
8348
2298
7514
3834
4154
1772
7510
4369
8288
9961
3642
7126
5114
6512
208
4038
1041
7740
8371
6445
6918
3781
2123
4499
3915
9050
1329
2515
2586
4279
4649
947
6863
7575
7279
6651
7867
5125
6592
3369
8422
5270
7279
5008
8165
9825
2836
5462
8180
9420
3259
7700
3398
4197
2867
7800
8127
5444
6272
5819
2839
2563
4333
846
54
9409
8899
1443
576
6751
7181
9317
3020
3045
4411
5027
4799
2892
610
8209
608
9506
1351
4223
8418
9556
9750
8916
6545
3107
2249
1464
3553
8287
5940
7163
8792
5356
5427
4873
8312
7877
1830
1998
9015
4063
8896
6307
4438
4457
7722
8141
4292
1269
6344
7275
7210
5702
5332
4625
2132
136
857
4740
3526
3355
5224
5199
3603
5697
9197
1967
653
8200
8063
4891
2901
6216
7710
2640
3238
8547
9362
8390
8723
7788
4601
3246
3624
7097
4277
7762
6769
1054
7291
1813
5995
1337
6149
2482
1304
3832
6008
1726
2058
5095
7986
6418
6130
6114
511
2094
260
2556
3928
8993
4440
928
4532
6725
6554
6402
2780
142
8054
3393
8150
1896
1184
2303
7972
7090
5887
8611
1553
5310
7025
9648
1470
1837
5616
4147
7391
9743
1058
4248
8510
1340
8719
6789
3021
8095
6064
8791
1206
798
1321
5288
7041
9978
2883
1466
7046
4549
2070
2863
4183
8274
3923
687
5473
7299
7249
6958
3654
9027
3687
6226
2322
2854
4438
2772
7761
6891
9401
593
7599
7015
3441
137
512
7294
2618
1711
6366
6338
2344
7144
7622
2606
2806
5397
7596
6222
3842
3119
6318
7036
4568
2450
8662
2938
129
1490
1458
2156
5718
6933
2139
5535
9280
3684
8251
2429
6345
8050
2751
7656
2354
6182
6536
2448
4904
8563
115
5029
2098
484
4848
6809
116
9982
7058
1834
8462
835
5690
6487
1179
7046
5323
1965
592
4098
934
9692
8376
7383
8757
3855
4493
1696
6831
5500
1803
575
6854
3619
928
343
1444
1900
9294
3922
158
8843
5363
2716
6849
5403
988
8682
8440
4206
5394
1033
7979
8113
2744
8157
2860
3263
4783
8442
3410
1237
1300
884
1767
6686
2636
10
2663
2687
3343
8712
829
4866
2959
3250
7207
6668
9525
5413
7388
9819
582
6260
6012
4152
7218
7398
3286
7767
8634
578
4791
8636
827
4565
4643
6624
4682
1439
3695
3442
1714
7409
4016
7288
1857
5836
9806
4787
6321
3235
8513
2056
9998
9793
2980
7510
1490
5688
4407
101
9342
1757
3788
8623
4572
2974
2589
2830
8812
3581
5868
2823
9255
7668
3088
3481
6780
9463
128
6213
5406
3416
5168
6703
7758
4168
2138
1940
2480
3379
9309
7575
8840
2736
6045
288
6572
9757
6319
1709
4046
8150
9858
1215
1559
7417
8368
9351
9789
1423
9118
8821
187
4969
1218
562
8836
5310
3722
1652
4743
8494
958
1369
219
6864
954
8917
168
6212
7614
5662
8527
8355
4033
301
4424
9985
4530
8340
9059
2173
3760
7897
3719
3014
5960
1485
5006
3106
9963
181
2235
6281
4570
5356
7612
7781
3600
2613
7454
7938
1445
6201
9252
8016
2399
8418
4342
3850
6296
7099
5269
2154
2400
4413
6357
1897
9456
2333
9967
6886
9982
9056
3773
8283
6349
5279
7717
7083
7679
4063
1677
1117
5198
5885
3958
7758
1889
5236
3626
8626
9181
2445
1602
3708
3256
1102
2800
302
1715
9357
1136
7273
3389
759
6839
3620
8789
7117
6605
1700
4797
9172
1838
2369
5238
8653
4429
3813
6041
8953
1484
490
3871
741
8776
6251
1253
9432
9668
4450
9966
3688
336
4667
5268
359
7484
8514
1283
9372
2413
6408
138
8007
7194
9833
6097
9685
763
1941
2774
3673
774
1656
8443
3308
9329
3914
8154
3795
4510
208
6625
9281
9709
6968
4218
5375
8863
4455
1264
4514
387
1976
8738
757
9208
2823
824
7851
292
490
7
206
1504
1677
4952
6998
5787
5590
8132
3857
2137
37
2843
8653
8515
8874
8964
9160
4850
9106
4953
8484
6723
4034
275
8433
8421
7437
3307
5885
2559
2031
3098
4755
2899
2396
853
8284
5896
1762
905
6373
8008
3421
2916
9692
1049
9946
7486
179
3388
2306
3332
9031
3410
366
8934
3571
8255
6691
3614
5669
5205
4019
9583
9145
1175
3146
159
2269
1720
7564
4456
3192
5234
1231
3491
6286
996
4506
742
8909
3563
6662
1545
4087
5031
3851
38
8782
3555
5682
496
2210
5934
4611
7643
4532
2781
2291
7060
2836
6716
5391
515
703
996
5808
3480
7020
5198
3410
9517
4406
6697
2073
4911
8563
9882
8294
6745
4682
6886
5052
9666
8132
8791
2433
1370
1248
7213
6009
8376
1798
3268
4081
2009
2099
2521
7870
2870
8284
8484
4246
6232
1738
2847
1069
3004
4447
1169
866
3177
2892
9680
4921
9534
1991
5292
7218
7447
1211
2122
4617
9023
4297
5169
620
5652
4801
4846
7730
6594
5829
5797
1858
1088
5127
2782
6672
2841
778
5491
5278
8656
1465
9764
1381
5554
4674
8559
7786
5658
5879
1000
5172
3614
7163
1692
8165
3019
7857
5024
4622
9076
7689
8637
3615
4998
630
9091
1676
7232
9039
3502
6875
6510
9006
2915
6084
554
6757
7426
7679
967
2798
1657
1815
6092
1691
3275
6861
8688
190
2501
5145
74
8277
9891
5191
6438
6850
6246
706
5362
7758
5173
732
804
7847
6430
6300
6970
6466
8600
9069
1133
2321
5857
6097
6270
4172
2657
258
3627
8366
4405
7177
7693
8171
245
1861
9892
3770
9136
9900
1092
3123
2210
1049
7758
1172
4779
5569
9617
1312
3114
4435
8091
2689
109
8729
2057
9834
5382
8873
7469
1960
396
5302
4615
7616
2882
5213
817
6404
8685
3768
2890
7872
8866
4987
5997
8283
7407
274
5595
7862
7233
4228
9460
4127
1211
4995
2228
1187
6878
9951
8401
3430
8500
7551
5861
40
5082
6388
5076
8327
7363
3048
7613
4920
6911
9473
8830
5853
4337
4752
3191
834
2658
605
4045
695
2912
6274
45
6446
4230
1825
3377
703
8119
1385
8009
8638
2921
1627
761
2266
2141
9349
9981
338
3729
9439
6338
4944
7840
9556
4125
9685
332
9690
4328
5967
7562
8622
3258
6753
3429
8651
956
7645
3154
1305
1092
9559
9355
9907
6943
732
8395
4667
9373
2504
1453
2284
836
5097
5247
9427
1673
6692
2445
4156
830
3719
7026
9705
1082
3041
2381
3054
3676
7222
3890
3166
9595
6124
4518
7486
6107
5408
3443
161
5303
4367
2224
2346
8456
3663
16
9014
9559
4143
8796
5299
7797
3086
3670
8927
6476
1144
6942
1373
829
8445
8380
3316
1044
908
113
8809
2440
4802
342
6826
1398
4515
3081
7884
3994
4110
6934
1632
9342
6605
2314
4162
1336
327
7923
4969
1705
1127
5406
2748
1287
605
4279
5956
5930
4571
9860
9392
6371
2556
1125
2436
1627
111
1594
1712
6832
5967
7891
1040
8233
3678
4866
7854
9769
7584
1398
9511
9267
4622
7201
6587
5931
9872
7106
3133
5772
8639
1337
2319
9971
219
3645
9329
1907
5193
386
6657
2023
9004
7468
6014
9027
7823
4322
5590
188
5080
4184
3096
1329
7159
3260
2063
7633
1464
1071
620
8704
8697
9363
9415
4196
2325
8320
6546
2376
7475
7115
3055
9371
4715
9950
3934
4340
9771
9793
687
8884
4714
5564
780
8840
8474
2192
1059
6694
6400
692
5000
1712
967
707
4014
3750
7126
4861
1650
1067
3811
1775
5726
4720
6802
5352
6610
7647
6485
1270
6274
6196
3521
2602
8758
400
7842
2376
7467
6815
4840
8160
3791
7406
7838
1891
8628
268
1026
2959
8497
4168
679
8134
1766
7054
1479
4492
5565
2391
6463
5451
7587
8350
1056
525
118
1100
2226
8565
1930
8010
7425
1151
6507
9493
6341
814
7554
6037
2305
9513
9656
2251
8597
193
4595
5516
4581
6548
6538
8703
6295
3142
7335
7230
2528
3926
1897
722
3447
5617
6855
347
7255
6960
6020
9588
6908
593
310
592
2049
3251
8618
4325
8051
5302
1361
5258
5581
2807
3554
4411
9135
7100
3786
2355
113
4123
7792
8150
8184
6796
7630
1560
8551
4865
2747
9566
9304
4122
9278
5722
8873
6740
1694
1884
8393
2167
1810
6023
7122
5287
7703
7868
8066
6252
1160
9298
8520
6
2198
5678
4238
8254
5336
8196
9469
7680
2502
1707
9963
4060
8596
6448
494
8699
5341
7607
1567
7136
53
2379
8164
180
9229
1324
1070
2944
9768
5462
5570
8002
47
8869
2112
7121
981
9278
5988
2736
7114
7917
4771
3280
6932
4349
24
493
5265
9906
1250
7976
3968
7572
9958
6791
2432
4726
6104
4146
1084
3997
6819
9646
7206
5627
1777
1242
1592
6776
5622
3778
3760
9497
8323
2141
1610
5067
6807
4344
3778
5057
9359
1137
2096
747
9549
3190
7238
2040
9075
7105
9353
5404
4239
5966
822
2761
5632
710
4987
3690
1134
1319
2251
4039
2762
9523
1281
3188
3996
1926
2041
5088
701
7062
2045
9036
8497
8016
1571
983
8787
5771
441
3512
7515
4405
30
9833
2140
7980
9523
4009
680
202
7484
3424
6203
3868
8604
2826
456
7060
7803
4954
6440
9955
3441
2306
4397
845
5600
6954
9608
1102
3045
4087
9393
196
1370
1723
5689
4830
4600
9669
7019
2724
2416
2723
9749
5518
892
4628
1743
9440
1665
2997
3208
7970
6359
3589
8269
1436
2263
1819
2038
6208
7044
5973
2598
8572
2009
916
2276
5583
1196
9770
9734
7633
789
3181
3229
697
2266
6587
5625
7005
5569
6134
8307
3842
8196
8289
9495
5912
7252
8694
98
1781
7511
2739
680
3758
8245
2917
2453
1653
2897
4004
4195
1340
749
7690
1112
6778
134
1983
4961
4519
5991
7931
2750
8768
9010
1451
7139
3945
6165
4815
7781
1657
1134
4380
9050
5856
1908
3539
2758
4609
3127
5420
4261
6146
3538
5048
4533
7597
4836
8306
1114
6178
1032
1268
8792
8361
7884
1881
8987
4179
8358
3693
9254
4034
6307
6514
1174
2728
8169
465
9695
7667
4792
2199
8973
8468
7259
7218
2795
2419
5017
1414
408
3744
1729
6600
5013
7748
4827
7629
7431
3029
9896
2858
3813
3051
6047
4631
528
1143
1952
8178
7372
9437
9565
1267
851
8371
1139
5307
4767
8916
9403
1155
2421
8162
464
1497
1032
8384
2014
3281
112
7420
779
2553
4369
1094
6890
5458
1526
5087
1066
3688
4179
3791
4852
4614
7819
4482
5001
5400
7445
8140
2809
4167
4398
6127
3030
3636
6732
1104
9953
8518
867
6185
8771
3243
976
2335
3252
3757
4044
3083
3086
976
7777
1355
8566
3836
5130
3477
4102
8758
8098
8978
3779
1228
5589
6850
8156
6697
3817
7220
3526
8412
7754
835
1777
2801
7101
9542
8371
9146
2852
4787
8432
224
4434
3959
1567
3671
137
9369
9679
8553
9164
9460
1348
3780
4754
5488
5442
7517
470
1856
6902
6985
6117
7556
9867
5475
4370
3161
309
2087
8696
9849
234
6197
377
9485
3389
5890
1109
3409
3
9001
4375
6769
9029
1674
859
5507
2016
1006
4021
5187
8142
7466
7422
1491
1560
4157
7589
1896
2445
1313
8227
9061
4592
4365
1585
6602
7493
8143
5466
4171
3279
906
6653
9757
1374
8039
348
3112
5345
6565
2874
3857
4544
1583
7088
1022
5545
482
2909
9361
3705
6294
8098
1201
6550
1594
210
1876
9495
7374
873
3603
8717
2841
8139
235
6545
3345
3725
3448
1965
8705
9899
9826
226
6282
276
1862
9077
4540
7649
7809
7978
5846
2997
9307
7466
4237
2062
1546
126
2722
125
6774
7877
2334
5250
1139
7422
7260
5823
4504
8733
3287
1826
5539
6528
1363
6023
8360
9031
3613
6301
1701
8728
6597
43
2308
592
7063
2180
5536
9399
5815
6665
290
2881
3816
639
209
6311
4630
7325
6273
4930
512
1196
8110
9419
3011
7468
9186
2167
2165
9776
6344
1810
7443
8258
7942
9885
5763
7204
3408
7249
2661
2992
3295
3244
6585
573
8905
9469
7495
4163
4673
5006
2089
6570
7036
4880
8520
5574
400
276
8123
2913
6169
94
885
7600
8996
5090
3447
3958
4100
8642
1073
6171
666
3329
3361
1321
3779
753
851
8249
6199
6113
7323
6598
9965
1376
4419
9371
4554
8963
451
6064
7247
2803
9569
5288
1001
2578
9255
9874
7077
338
9503
9801
9514
355
2535
1294
6665
8768
9237
7262
8623
8535
7835
6810
1864
6540
690
1087
5649
1757
798
2361
276
9003
9684
403
5390
8955
220
5600
7430
641
6791
8523
6527
4382
4114
2569
5508
4419
5758
4983
9391
8750
1999
9690
8385
918
6573
3889
1195
8259
2708
3719
9762
901
4821
4735
6915
5709
7054
4713
5671
5488
1552
5541
765
8092
712
8551
9233
3045
3980
2412
6521
8946
508
3062
7242
6675
1741
7296
4366
2221
9009
8228
9425
2475
9847
1002
343
8073
6893
4831
7544
1304
9309
1415
5585
234
368
8645
1605
289
3002
8412
4250
1477
54
8149
5546
4168
4986
3859
1070
4236
8564
8548
7855
4560
2129
6338
6176
8235
9083
4010
9738
7957
4506
203
5933
4203
5380
3860
1672
8984
3197
2540
3987
2218
3936
9318
5564
4608
7407
8038
4736
4997
5541
4902
9720
5546
9694
1984
1535
1449
2358
6506
8690
1983
4751
1267
2915
5793
261
8001
2405
1782
3935
8195
6756
9455
3943
3684
7331
145
5348
4891
7899
8349
8620
7868
5339
9730
9562
1849
1321
1675
6670
4205
9908
2536
1381
2904
424
3298
365
8897
8187
5486
7810
1814
8082
5375
4132
6801
1658
3615
9160
9807
3758
1971
4472
8930
5835
3395
416
6672
4941
8922
4610
3597
511
4629
449
5394
692
9149
9694
4030
4264
9189
4317
3189
1501
4038
905
9234
4156
7108
4910
7205
2705
8514
6891
8924
7721
7266
6260
9103
9363
6399
5492
1025
4064
8115
4291
4532
8044
7031
9379
6796
5165
4730
3272
2453
7944
5919
347
7423
9938
1416
4045
2412
9979
8900
4126
1029
667
7025
7675
3863
9774
1128
9533
9474
8474
3800
2911
5951
1630
6953
9264
3685
2463
144
5170
640
7764
4207
7346
7505
2119
5275
1855
3720
4257
4838
1681
3825
1783
7876
2156
7176
1590
9524
6541
1950
4136
4141
3213
5947
2850
7954
460
6422
9227
9117
3054
461
736
8781
3794
3653
7610
5116
8902
6678
9114
9035
5113
2360
8196
3507
253
7371
1944
7747
5667
7530
4667
708
7495
4231
7568
3578
2672
8517
4075
9400
9117
995
3185
1073
9013
5279
2244
2885
5285
2651
7199
8596
5705
9042
4480
3043
2522
6040
875
8801
3321
2284
2302
4468
3405
4837
190
8144
8428
873
5028
2378
7571
830
728
3857
3735
9606
5907
8884
9852
532
4182
4200
756
3848
5384
9811
1072
8097
7319
471
7161
1669
811
3023
1237
8179
631
7745
6507
6299
3671
7872
2999
8957
2493
3525
9288
4001
5118
2114
1268
691
8968
3522
4433
6579
6418
1092
8072
2853
3959
7697
9820
7585
3611
443
9383
1752
2887
7388
7858
9002
8623
4048
119
4765
8911
7709
2388
1503
4626
5333
7012
2805
5430
2002
8505
6258
1495
5266
5396
5665
7316
7135
5911
5635
1022
4689
2287
4953
7300
6912
5623
7251
4949
6598
9109
9850
4286
5138
458
7102
6390
6970
7458
9944
3503
7432
9416
3175
1533
2055
2094
502
9030
9749
3773
1358
9156
9030
2917
6453
6712
8310
1466
8750
5391
3073
517
535
634
9737
2577
7197
4476
3496
7945
8457
651
4516
1326
4281
3563
7786
5734
5061
3836
2511
2951
1949
6423
8018
5512
8809
2515
8487
3044
7848
287
5945
4159
4367
9540
5279
7737
1724
4732
4809
9772
2162
2690
7093
4793
8008
7562
6802
7185
2322
6022
8105
4389
4845
8393
7123
9441
5902
5549
9838
7948
331
1955
5182
5858
3680
5849
198
8643
121
6843
5538
7927
5964
8246
544
3205
8193
3349
2983
7943
6690
8218
1305
1737
7521
6814
8810
4017
4675
6569
2
1192
9089
1638
5102
8558
7405
1579
6154
4841
5710
9698
5653
8271
8741
9701
1013
8831
9880
2616
7064
7607
4564
4868
6246
8277
9211
2262
7096
3015
9613
7790
1927
1180
2830
617
8820
8198
5575
5856
271
8593
1646
1480
2411
2720
5634
3694
4367
2997
5365
6794
281
5438
5264
462
8566
6891
3662
8156
235
5525
1490
7068
9549
9811
1085
6038
1490
337
6313
1562
1850
2652
5747
1207
7472
4862
1587
627
2
2941
6104
4352
9668
1700
3289
7141
3340
609
169
8934
3217
8680
7717
1764
1294
3322
5344
6605
3771
9127
11
2717
9300
9500
3746
8479
8770
1208
6860
9592
4910
1766
9871
9839
8284
356
876
6494
6685
6752
8576
6516
1153
1207
1407
4653
63
1262
9187
2869
3269
5749
4925
9126
3611
4707
9173
7310
7277
6336
8102
3709
227
6874
3926
9226
5253
9138
9284
7850
9685
6106
2435
9372
6781
8174
3968
7437
3986
674
6304
964
3298
6613
821
7996
4567
2740
875
336
6312
1769
7337
2663
3027
4460
7595
1051
3044
2644
2850
2453
2127
1023
5503
3430
6630
695
6540
3040
4206
3645
3287
1768
7218
1493
4816
1170
1840
9769
585
5118
5477
2510
3463
2184
447
8415
4016
1105
6051
5966
9595
1568
8896
4123
9470
9111
1371
3945
4169
4569
8684
1091
4931
284
7664
7493
8600
9084
8085
1043
4049
9788
9358
2926
9896
8469
3338
3717
4041
7600
7861
8603
9234
4730
5313
7737
1479
6098
3297
8032
8648
6506
3347
5193
6392
4573
5886
233
1987
1164
9393
6972
6495
1762
9293
4302
4697
5584
6110
5541
1072
2083
3859
254
8831
4178
7853
7340
9470
1654
599
3914
5175
5723
6674
3957
1622
836
6956
5067
5744
5423
1458
2725
4398
5467
1756
9896
4241
5731
1785
6484
9130
5931
2041
661
1849
2398
6730
3005
2549
1307
6116
6919
8858
2764
1789
779
3906
5923
7563
779
5009
1234
5298
7573
8538
892
1805
4659
6145
5996
7935
3864
6632
7000
3119
4914
1173
3418
9628
5066
4976
1307
4047
462
6110
7418
7538
22
8434
9387
2308
4977
7229
7594
5056
8998
8273
7241
8743
2080
5158
2634
2477
5019
8138
4101
9461
3066
2382
135
1101
3084
61
6714
9666
6076
2558
585
159
4828
3924
8973
8184
2125
5171
698
5280
1364
4753
802
2377
7887
2789
6985
4678
5043
6726
3137
9414
2821
1081
6125
7615
1492
3916
8966
4504
6084
7882
6746
6140
1319
3284
7021
5841
6412
2787
5821
5636
4228
9417
5094
4733
9990
9949
3474
4475
7007
7878
9350
4565
5938
4218
8803
6989
5933
1506
9823
950
2546
89
5371
3871
6642
5405
3349
6900
5830
6348
9336
6534
990
4461
1079
3467
2373
6127
1598
4123
7230
4258
7002
7061
1774
3994
383
1193
6933
5226
1875
6749
7572
6795
1309
6040
3370
7047
9840
1006
7046
8056
8498
3155
7840
2928
6429
4232
9689
373
6243
3170
1175
8403
8931
3947
4607
8201
2538
4249
7713
1474
539
7515
6270
4829
2480
5804
2708
5661
8374
8877
6437
1293
9112
3517
7549
2884
3705
456
4278
8312
3179
7691
8802
9815
873
6663
5141
3463
3678
5421
6757
648
84
6955
5350
9620
7424
450
6042
6261
6357
36
7808
3068
4391
3465
1751
5581
7377
1763
4481
8004
8359
6623
7289
2214
4372
3594
7700
6437
7354
9061
5671
7164
7426
3402
9895
9811
2632
8022
1788
7884
1544
161
7977
2236
7261
505
3401
5121
987
8723
4198
2874
8130
193
7708
1414
5958
9786
3212
4962
564
4414
6286
3737
1599
8400
7144
8353
9810
2406
9168
1415
8843
4366
7477
5746
3402
194
4766
7897
5397
6547
4405
5835
8122
6055
9877
4969
6808
8593
6800
274
7738
2395
943
4577
2122
7573
5660
4790
7208
6742
8397
8734
6430
9666
6705
7692
9452
6201
8809
3455
8746
950
8894
8216
562
3569
2635
7376
1872
1596
3014
7592
2483
8176
6040
3606
6790
6007
5178
3965
169
4598
7130
8034
9899
958
9195
5202
7953
5416
7340
2690
8992
1636
7135
9890
417
4373
7538
5996
9208
8561
2620
4450
3857
3268
4774
4452
4704
1384
1538
4914
9974
8538
9955
2707
2344
3873
2307
2815
3214
661
1786
9628
9051
5412
7330
8565
1450
3357
7699
6095
8617
9307
6786
3908
6581
8629
4489
6806
1175
2122
5186
7785
3663
2687
5191
5762
9324
3435
1792
9836
9900
8832
8282
6977
7794
6786
29
6769
6951
1894
9815
1197
5051
2514
7567
984
7537
5063
985
4230
3783
1684
5727
7788
5066
3978
5543
352
9888
6117
4266
2875
8936
9950
1414
9889
4728
5271
1763
8004
3600
7076
2020
2366
3331
9293
9439
5439
7512
1322
2857
4874
4866
8181
3038
756
4127
5985
1102
4011
8614
9346
8898
6620
6481
7899
7826
5409
4818
5308
1436
1183
4995
2862
1540
4784
4010
7556
4000
8961
9472
9829
6607
4100
6749
6365
2563
5581
9620
9945
5087
803
6467
2392
2503
1094
9294
9630
3803
5443
9521
9299
2126
1669
5762
4531
6489
1490
878
6601
3123
4196
5754
3773
5816
781
1742
8891
5359
7704
354
347
3914
4228
2777
4811
2686
1127
7607
3109
8007
6166
985
7816
765
5384
8359
8342
8335
8269
9106
2555
7897
7000
2103
2969
1382
2310
8193
6341
2341
5662
40
5155
508
301
3904
9567
6520
5040
3303
6516
4151
4523
6442
1462
9424
972
3693
2378
3104
3215
5193
9150
9365
3554
3810
6382
4146
6279
9516
9363
321
3282
5446
6632
5989
8983
2782
5800
7230
594
6321
4810
7577
9899
3161
5204
8832
5847
398
732
4818
6740
8837
915
72
794
5772
7434
9570
9458
4431
1117
9392
7947
8634
5024
6992
2877
1504
3859
2639
8835
3141
1126
5548
2728
4057
6070
8055
6298
9773
836
8605
7726
8179
3484
1065
694
2949
6502
5380
1793
2296
2385
68
7467
3783
1460
7571
5425
3639
880
5242
7715
546
7087
1997
6956
9768
453
4748
8177
7215
6710
2281
5100
5135
216
5377
8728
3855
1334
2803
9870
7235
7601
7023
3066
8612
3210
9395
5274
7371
5848
6963
7036
7166
7605
8422
4103
8260
1947
5804
1103
9689
6258
2331
4342
7555
8026
4580
8711
4414
1775
2360
5659
3567
5557
909
2612
7427
6647
9695
7485
8621
2446
599
6414
4959
3576
6646
1650
9171
2161
1274
1359
68
3188
8578
1693
8503
2226
8412
9239
2193
8751
8881
8744
3665
6844
3552
7539
6096
8993
2593
4360
3636
3748
7868
162
223
1279
6098
6034
8341
8506
4009
8954
3476
592
9205
2154
7430
5897
7588
484
3569
4788
8956
7878
269
9196
6622
9060
2636
2015
7930
8580
3263
4615
3655
42
1990
308
1581
3654
8321
4020
3724
8537
7602
2295
7600
9195
7954
6792
2007
6971
3918
6970
5144
4890
133
2788
2368
4268
5287
5346
1687
2356
2194
3259
9146
7162
465
8238
4975
6807
3100
7639
3493
8991
5505
2125
4197
7853
5594
360
9092
7981
2448
1589
9691
5804
3548
2177
1422
90
249
9191
3176
8371
4840
5956
3678
9242
3695
3515
4975
9054
7252
6122
2676
9011
9299
8709
8575
4334
2251
3620
8809
8421
4559
7640
9249
5938
2134
9917
9660
1007
586
9480
9442
6758
484
3560
5304
3551
7893
3826
6485
4847
5097
7137
6578
7263
6121
7596
8065
983
4195
2300
6365
6327
1969
4450
5346
6197
8245
4074
8038
3584
1879
3832
8006
7350
3253
8894
2121
3537
5077
3008
8115
2357
8401
9770
6383
8011
7413
5695
9388
3659
9535
7660
9834
3533
6878
7955
2327
1529
1513
1711
9073
9769
6695
9933
9463
9937
9115
5577
4915
5644
7108
2995
2154
3167
9605
1197
2377
5089
5183
6633
3211
4754
1372
1763
1168
2591
4394
5714
6638
1971
2217
2181
8141
6940
8455
4547
841
6592
2089
9148
2158
3236
4852
7032
3357
5681
3122
5114
7245
6689
2134
6341
8311
9452
3029
5348
7468
4272
9191
6218
9917
5499
6401
1795
4845
4410
6198
1982
7191
7044
4063
138
3651
431
2434
9864
1840
7611
2758
7301
7464
155
2883
301
4513
545
8933
5405
3539
7414
7579
334
4889
6355
4081
3284
8855
1005
272
1568
3687
6724
9994
5033
2426
4128
9777
4908
2697
8067
4243
216
5411
2401
318
6849
9685
2055
7733
9242
2924
8006
6748
2545
2555
3687
2186
9776
7655
1166
9220
5008
9773
8932
2858
8281
3296
3483
8774
7727
9606
1185
6470
2372
7215
1920
4505
4182
5156
2437
9789
9011
5561
6231
9863
7840
3039
8087
7747
4975
7040
4259
284
8108
5078
9102
633
6705
2604
4216
8565
8780
5207
6804
7683
2052
8365
7135
3383
2089
9804
4552
7516
5079
4787
753
7197
3755
2186
1838
5731
6964
5953
5406
1479
5987
3208
1042
313
8957
5133
113
8760
1773
4208
4697
7352
254
9798
834
1360
7415
8743
6037
1292
7540
4073
4645
5295
9759
6168
2452
5090
6243
6574
6491
4053
3274
8460
9580
7229
8131
5170
2372
4381
9884
8240
4089
470
4562
7365
1378
4617
716
2580
5345
5161
4833
9274
3958
677
8785
2937
4452
195
9439
2074
6521
1559
6846
4818
653
4299
5052
1647
3177
4646
3643
2174
5104
9322
8959
8133
7830
1886
4187
1476
3525
103
9315
3807
3815
5362
9739
372
7131
9860
4055
3247
9260
7551
4557
3790
6073
9236
716
7342
8064
923
849
9957
3523
8170
7209
5490
1919
8357
5533
7367
7310
227
6813
4290
4405
1202
3320
2015
6239
7774
3385
9595
9713
2707
437
6126
6056
1966
3752
2609
3752
1884
81
8943
9766
2531
4318
2396
5111
8911
2453
3773
9491
5912
3145
8080
7095
6227
8993
8088
6993
1135
6815
5098
3607
7437
2682
6056
4944
9447
5477
5147
9056
7101
9614
5272
10
7845
1200
6768
5521
6124
7795
6060
5207
252
2603
5445
9276
6727
7775
9320
3685
5880
7436
1956
6353
4168
2174
4459
2374
9314
5153
6239
6336
4840
4103
858
1607
3135
8030
4530
9457
2561
7603
8325
4043
4186
3491
2622
9634
3490
314
5433
8217
1918
5468
2793
8426
2308
597
6583
6021
3840
9026
4119
9884
1919
5880
8946
5300
6806
1703
3769
3856
3080
9222
1744
5775
8534
4042
6070
2846
794
5826
7319
7909
1258
4994
6833
9102
7093
6708
8022
4294
5949
2669
9765
9276
3440
1970
6871
1259
6099
4158
6014
566
656
8293
5999
1895
9265
3377
4987
9725
6417
4836
4665
8066
4440
1552
1446
6056
3454
1701
801
2541
4057
765
3393
6722
2344
6830
5612
5282
2916
9671
814
2516
5765
1820
8320
1130
5053
3897
1557
9812
8804
8117
7293
1384
3385
4345
5439
6657
1510
7072
2538
5939
1368
3260
1911
4951
532
192
9642
4726
599
1831
5718
9463
2814
8126
2493
6113
5717
3659
39
7459
8199
5844
4943
984
2967
3678
7861
4966
9801
9116
5924
8469
2260
9750
1
2472
9862
5909
2035
6288
2366
1354
3321
699
5392
9293
7198
5750
1840
3640
7909
1853
3682
4410
494
6487
2371
9314
8239
9755
3521
5337
3866
5793
1720
8109
4682
5274
3296
4989
2954
9156
2437
7965
2623
1436
8043
4828
3961
9171
1540
3981
9586
297
3767
5829
6987
9
3674
8196
8342
5313
7238
9584
7292
5851
9625
7283
5980
4719
69
2083
7110
410
4376
8673
5922
4897
7841
7685
1237
2776
5874
6790
5176
5871
8620
9851
9990
9818
3691
945
3306
4361
4335
5497
8021
6126
6074
3692
6387
2716
2447
3331
4839
2278
5873
4552
3734
6348
209
264
8896
9831
1334
8119
752
7375
5484
3090
6458
2906
1398
2994
5783
6656
3189
7011
8309
9896
6186
1548
6059
3527
666
8457
9458
7269
3462
8715
1632
7351
1076
5870
1281
7772
1792
7490
6546
2194
2239
3420
3048
255
7853
1222
9474
7460
3498
3638
6114
80
1393
1726
6024
6264
7265
5710
6981
7352
1732
1754
8811
6102
6367
3074
2143
5952
919
9500
4952
7839
4302
5425
4043
7948
5903
243
5437
9709
1657
4393
5915
7650
381
2031
303
2845
9005
1593
9682
3929
3023
7572
7727
7743
6935
9940
1373
570
4251
2668
8675
9186
3376
1319
722
3073
7835
8419
6829
7165
9739
9674
3808
4617
6212
9143
9456
2692
6074
1676
3744
4129
6062
9941
5298
9196
6926
1092
8990
8663
4277
1879
6568
1120
3277
4186
9040
623
7080
6366
2624
4564
3430
9831
4952
3611
4864
8969
5960
765
8847
7591
1620
7251
9374
494
3133
6378
3152
6207
2176
9588
2382
1224
8812
7290
6133
2701
7511
473
5424
9589
7959
2574
6408
7442
1501
3213
5512
9091
1412
6043
4730
980
7486
5470
4458
7731
6909
1643
7968
8932
7504
5127
5887
1887
4021
2563
7159
9651
3274
5785
2896
8600
3262
4042
8436
8999
3004
3566
9099
6844
6027
2992
1362
796
9619
4270
1552
5596
1979
5407
1661
8868
7609
6707
5961
2050
1767
1509
903
4404
1585
2233
1523
3487
5593
5868
6481
4353
3761
7123
7778
3721
4978
4472
181
2110
3972
6193
9546
5975
5898
321
9626
695
6001
8658
718
3937
134
2836
8337
1403
372
5602
7373
3622
2261
4969
2553
3442
1958
611
4124
9322
7564
8671
2610
6429
4654
3101
4347
3501
8155
643
8784
7446
1535
3133
4014
1925
3743
5151
6989
9298
8996
2555
7110
9496
9152
2941
8013
9183
4490
7568
7798
637
8137
6718
285
4456
2346
2364
5546
2676
9875
9992
354
4655
9989
5437
7416
2506
9690
2620
1350
7561
3004
2912
6874
9221
1115
2385
7336
6196
2649
2123
7959
1368
96
3235
8631
5203
8283
7702
5380
8020
3244
8223
9925
6359
8424
8098
4583
3831
7497
7431
5179
603
6549
6258
4199
7125
3542
18
2198
8581
5588
8565
9354
7465
9540
5818
1149
838
8346
437
4040
939
5472
1027
9104
1753
5242
7711
8666
2445
6895
8866
9289
2743
7394
9870
5293
8210
6406
7103
1288
3988
4153
6624
6540
4015
3552
2492
1284
9263
441
8251
1195
3852
3917
4677
5410
6246
5001
2821
6765
2152
940
8298
1515
9257
8422
962
1042
7973
7026
7434
9127
6652
593
7205
9233
3437
6843
8632
8498
9123
1086
6535
8919
8587
1990
8533
8200
2892
2389
9660
9086
1666
7246
8345
669
569
7742
5525
3036
3552
4746
3831
5469
1580
466
909
9400
9728
7953
9518
2284
6787
7614
5611
8431
869
3278
9931
5538
3460
3819
6990
8585
8921
9892
8596
2934
51
4501
2153
2241
1663
5593
4915
3461
8949
2407
8623
3862
8392
5201
3135
7950
642
4824
5273
8228
8512
1682
4720
2972
5779
3061
3737
3080
1736
8761
5256
7179
9963
4224
1753
3191
8737
8748
1849
2230
7135
8070
6984
2261
7600
16
2817
4693
5179
3943
5907
6734
4691
6976
5285
94
6012
6753
4665
6948
8641
1623
982
5385
8983
3078
9394
8869
3661
1212
8022
1126
1617
2784
693
1425
7911
7150
4938
7014
4307
5524
3184
8057
4859
7410
3281
1254
9086
1715
9987
1494
1176
8068
8143
9225
2482
7570
7520
5655
2728
4684
7733
1843
491
1519
4046
6573
384
6894
7724
946
4266
8018
5619
9739
3021
9711
4127
4211
9735
8681
2075
7182
8252
5475
9731
3028
2617
837
5570
2957
2265
2640
9589
2577
2193
3831
1716
9727
4684
8349
5170
1004
4380
5222
8400
6762
2870
2978
9355
1679
6743
3246
3555
5828
814
7898
4697
6394
6535
2289
3056
8374
8538
345
3824
2007
32
6675
224
4272
6111
891
6415
3719
3845
7828
1098
9503
8371
5762
4224
6417
8816
7077
1261
7311
5165
6859
9257
2523
9914
43
8240
131
2148
7098
6022
3105
5772
7099
5951
1585
2690
1362
8281
1380
7976
3179
2945
5767
1257
6678
3925
3839
242
218
8292
3186
7673
4880
5642
3211
951
7472
9554
4185
7529
7441
2470
1390
1079
5048
4971
5169
5465
8939
2029
4646
2025
4235
1902
6776
2360
5906
2849
1076
8712
9712
5670
1319
8191
3657
33
8845
9219
7196
5032
6223
6237
1085
8831
3971
8454
4095
2510
7587
760
2465
4116
1642
6062
7303
5117
7061
9266
695
2051
1401
5285
6000
2658
1193
1445
4496
786
6329
8749
6922
8494
6979
1485
3401
6868
5044
8527
9820
96
7369
8564
825
8323
1022
5142
7898
2346
7725
3563
6619
62
255
9279
5174
9519
7621
9733
2376
2533
1988
6163
7958
620
8429
5286
5791
5342
8245
6433
4504
9849
7386
7015
3494
4548
6309
9262
5190
7950
2920
1110
3536
6813
3303
2922
9447
8529
6905
8032
9448
2439
5378
3316
5458
9815
2390
2029
7628
1081
3005
2573
4480
5557
5361
5584
9009
712
8440
6380
9330
2394
6152
9826
5053
2013
3354
9333
7017
5029
419
4987
2048
40
9228
2710
8810
3584
8319
1302
4603
7623
1465
3599
3783
4088
5240
7273
5993
2067
1039
9043
9201
876
3594
8914
2888
3985
770
1503
1560
5386
8648
7461
1038
771
9518
3716
9394
6709
9077
3633
7933
6858
3635
9668
9455
5763
3870
9705
5656
6370
8354
3834
3779
1284
6557
9367
1107
3739
6676
8866
6722
4206
4164
6210
9745
6831
5021
7279
7981
5676
2380
4084
5148
3803
1188
4249
8349
6711
6013
5226
7107
8359
3178
8550
1194
204
4077
2
8079
3880
1689
8656
6409
1498
6334
7733
3286
543
9260
785
523
909
8594
951
8438
4264
2869
9497
9414
4667
3744
22
1525
4805
1347
2674
4749
9317
8027
6716
9424
5700
1981
4870
5036
8138
8214
9670
3351
8497
9099
2090
1026
8593
8551
4838
8848
9541
8541
2497
7491
9749
8074
1146
275
610
7155
3804
8261
3817
7698
9644
9764
3832
9144
1803
7275
3995
1632
9513
2748
576
9896
7162
4195
1058
5159
2679
9713
7198
8673
343
5194
2281
416
3777
7152
4365
5125
7146
5965
463
6140
6830
7601
7490
9137
9273
7073
2522
2229
2645
8758
1659
4266
8992
9133
4979
9848
5549
6861
3550
7794
3267
6203
9737
6034
2004
8248
7628
3581
963
3252
4989
8446
6586
7676
470
6721
2448
4232
2737
3250
5439
9200
748
7780
4729
270
8842
67
330
6723
8934
4337
7021
2307
5247
2340
5786
6674
2256
7698
3869
2603
3297
7811
6878
4038
2662
2707
5004
5525
694
2664
8992
3010
9527
601
8940
2199
3826
5420
1710
7350
4022
6998
6581
5229
9347
824
4903
6067
9943
2378
7331
9878
7849
140
2351
9546
6750
8656
1030
1210
7144
6578
3420
5098
10000
2378
3428
4463
3448
4650
402
9835
875
2887
5620
6212
6807
1258
495
6168
6312
5121
9405
8016
4120
4530
3219
209
1354
8648
7894
9379
2847
1531
7565
2053
6730
1915
1129
1509
16
6041
9165
1111
3980
7279
5916
2260
7256
9003
7680
3988
7733
6789
2062
1620
8702
3580
697
8303
4625
6043
1629
5725
9009
1628
977
3755
775
6821
6771
6151
5678
8693
4445
8804
4562
4961
1329
7366
3941
7837
262
8977
4533
5632
3621
2586
3440
3062
7996
7184
6002
6803
684
7494
7522
2728
4327
5279
9038
8403
2638
4871
7884
4438
5895
3760
8244
2194
4719
2094
4065
6525
5536
8752
8512
7155
8679
6194
1432
8080
8528
9105
376
1488
834
4141
946
4221
18
257
5332
2238
5031
9293
2489
810
2439
3491
3676
3717
848
6781
936
7932
5245
3352
6503
258
1912
286
9089
3159
15
5176
8510
4023
4416
9461
8964
6693
5226
1622
2515
625
9436
1568
3977
1384
3552
3273
6768
2998
6894
6426
6085
5435
1815
1840
4587
4077
2511
6569
4518
8107
7981
5654
8304
2389
9979
8414
7530
4069
3443
9353
4665
4173
2906
4214
1152
23
4998
2931
7593
1440
6453
5961
285
7518
6851
4741
7793
7232
8933
9485
3237
2962
9130
5312
6031
2184
5754
4691
1719
5109
6525
4989
1154
1140
8139
3570
7460
9005
3633
9931
1556
4395
7239
935
7
889
3882
78
3006
4919
8204
8267
7846
2909
7037
4689
7469
6944
3504
5189
9424
9091
1359
5722
3823
1522
4833
2373
4589
392
1032
3882
619
3427
5356
5113
729
5791
1143
6290
410
5332
3824
8309
9638
7555
8846
7657
1532
1211
4733
5855
5067
4400
9562
9799
8537
3162
9716
739
8502
7672
378
2790
6854
8045
6337
6357
4042
6288
9222
4310
3479
3837
91
1634
1147
5692
4725
8885
7344
3864
7707
4046
3478
2065
9733
4234
8431
6565
9069
9030
3420
4139
240
8065
2028
7485
3560
1835
6012
8174
2614
5389
9266
821
7133
6392
9958
3470
2661
875
6048
2959
5526
6995
2184
3794
4331
2348
6977
6992
6250
7526
7142
8304
9438
7419
6712
2962
5415
3729
4835
1829
7212
5508
1852
7414
7094
1085
4445
6029
1771
1580
2386
2944
2316
7024
1570
6275
8998
2289
5017
6351
8824
8013
9279
1895
9847
9221
6232
2425
5878
9065
5389
9062
3372
6672
1020
6032
7502
6032
820
5533
8342
1289
2438
6709
144
6193
591
8971
4075
3299
2554
4477
5436
3440
3366
3615
4323
2424
9527
5390
7658
8238
412
2122
5115
8942
8205
7636
2038
8620
8983
8267
8859
4578
9574
3855
7630
3289
3129
4793
5831
3959
7716
8120
8672
182
9186
8263
7815
651
8839
4845
2637
662
59
5574
599
6081
3122
6623
2835
9451
4440
4023
1857
9570
1403
8242
2866
4058
1462
662
3585
2644
7630
7209
5781
7095
1214
5831
968
6626
7220
2923
7520
2319
4385
5392
9002
3104
7377
6055
5815
7100
7232
5968
2041
9045
8008
1757
3035
7727
2088
5661
5273
3193
5466
2822
3154
9931
7578
3611
9135
9209
4239
8147
1266
7243
3384
2181
5259
5943
3091
7472
2882
7691
5960
2934
1198
8455
2455
5938
8494
3397
3936
1334
9417
3049
284
6797
7073
5828
7757
437
872
1957
5339
2186
7574
6652
4850
4379
7054
904
1355
6372
9985
4161
1629
5897
6807
5300
8056
5037
9557
2621
6745
3376
9163
5836
5454
6571
2435
2316
8432
4268
3184
3601
3807
5166
1867
5652
5823
1165
2403
3511
4148
1504
2839
8516
757
1510
2049
5976
2466
2947
2681
3461
2564
5160
3025
2059
1973
2875
9210
7604
2205
5893
6462
2826
6784
3918
3036
3321
9874
6950
9156
2597
1772
4616
3411
2036
483
3148
1833
4920
2772
7066
4627
607
8045
9373
9687
3327
7006
2853
4852
4238
3113
3558
8060
3387
483
7368
7865
7179
3200
3899
3638
4901
5081
2549
628
3456
6776
8750
1770
7925
9912
3331
2978
5285
9773
909
7408
5962
6683
2031
6018
20
2176
7549
7168
9188
4416
9722
5030
9525
9048
6114
9203
7558
8805
6805
1661
7954
9735
4160
2438
1068
3397
5540
8170
1970
6604
8145
5648
9367
9523
8535
5458
9604
8292
86
4175
3615
2045
1919
8778
8527
7726
5653
6637
7914
1861
4554
1130
8917
257
4395
704
5497
7854
1138
1457
1958
921
9122
6998
1395
383
4800
5293
6419
3320
5038
2357
3688
2091
451
5505
1453
455
4611
4715
