8908
6326
1197
6224
5103
927
9936
358
2585
3877
2174
5819
2425
6947
9363
1970
6149
7221
1957
6795
5082
8112
5549
3299
1117
9869
4751
8740
327
3511
3828
7884
5206
2331
9354
6205
3042
8175
9913
6504
2863
1028
340
6042
7633
6697
2620
6262
2754
5338
9134
6821
5905
3473
3770
228
9912
4590
4178
3825
6055
7321
8900
7862
6207
5796
4367
967
4343
4577
759
3250
364
330
4917
7685
6343
8844
9666
2989
6338
8448
42
5281
4648
6442
4489
4470
7276
4344
6273
2235
3757
5974
6090
1981
4639
2386
1640
7631
3728
9521
635
5223
6806
9255
6331
2678
8504
9427
5419
1641
9101
8535
7832
9809
7165
449
6817
5106
5669
4500
7599
1168
5323
6232
3363
881
8000
9070
1567
7393
8927
3545
1644
8988
8195
2021
4695
3511
4541
8607
6247
2306
668
6412
6786
38
3939
4261
8175
3700
2754
543
7101
7464
5143
9573
4942
6908
7721
2031
3388
264
2550
4893
4611
8360
2855
9168
1115
1603
5174
2103
5221
4562
2453
5990
9080
1014
6721
146
1451
9815
7663
9583
1406
6752
6143
6165
152
288
7912
2263
5999
8616
7282
8279
6013
3708
3691
6245
5442
5573
5209
4874
7920
322
9703
3182
5283
7851
5663
6921
6391
4154
9229
5216
9669
469
5483
1085
3821
4198
8684
9203
1137
6972
552
6278
5801
1359
2715
4083
5667
8373
9577
4009
8292
8687
3824
8003
1183
5798
8205
5656
7562
6370
3154
7141
3022
8611
5240
8841
8256
7331
6187
1062
4590
8184
6276
9681
9477
7138
8465
9958
4981
5146
2641
8381
1842
3093
1788
7921
7432
2812
3776
9615
2669
5969
2115
6347
5376
1142
803
7246
7666
166
2552
740
1270
7430
3796
9106
3756
1549
6844
1124
643
5730
6324
4161
1480
2588
6702
2519
5303
8537
2525
9792
2325
2516
3206
6160
1445
2399
5954
2824
2232
4415
1509
2543
2923
8654
9926
8449
190
1418
3456
5459
3290
9443
642
9082
425
2041
8377
5393
9420
6373
1690
4382
7399
9542
8484
7645
810
9798
5383
5979
4672
891
6625
17
8732
383
8844
7333
5678
5271
9977
1716
6657
7951
2926
3898
4212
9254
6907
5405
7189
1675
3694
2174
8368
9570
151
8139
32
7954
8226
8479
9402
5433
391
8554
8010
5303
3809
5039
61
2334
5920
8741
2988
4720
8590
969
9028
1268
5785
2533
9756
7654
916
8267
632
7569
4139
2334
3857
5160
5503
6161
4771
2482
182
5068
7958
9685
3475
6479
3635
7560
5145
5930
6530
8374
5605
1477
7955
6198
9848
9345
4709
9199
6837
4114
451
4050
7614
785
3555
3796
9293
6031
4140
5500
1553
7913
3802
3002
3846
2444
5914
2581
7465
7593
7343
3934
9446
9220
2737
7029
831
2535
5453
2367
4126
9102
4843
5736
9861
6741
2661
9721
4085
2029
3284
8284
1608
2019
2676
8738
9388
1735
7316
1993
3923
4548
6697
6618
7756
1779
6734
614
9162
2631
1446
9382
3594
1214
3169
6444
3862
1362
3623
5463
4038
609
5765
3256
3182
788
1841
2665
593
9885
2059
2710
5858
332
9629
8337
6577
793
3861
9582
881
6858
6978
9946
4862
7163
3397
8
9350
669
8911
4872
826
4960
8359
975
2699
3048
242
6069
2019
6428
6235
555
1296
597
2379
3531
6128
9831
229
500
8102
977
6885
4381
9236
9949
7899
4394
1041
9746
2396
1919
7394
9832
1510
6234
5988
4594
9272
7745
9143
6304
3576
2781
4404
8399
134
1942
2071
2434
941
6698
987
4510
2969
8865
6849
8037
3922
2941
6006
1935
3944
8669
1293
1466
6148
7769
451
717
689
8057
4224
8640
3514
2751
609
7374
2086
330
2955
6938
7842
7527
7654
569
3053
1223
771
7177
4560
1495
6619
5634
3316
8597
7541
9111
318
4039
3868
2139
9784
2382
6470
8357
5368
3861
7884
1284
9547
4237
9975
1098
6111
6419
9107
9651
880
5225
6329
4891
186
8640
3347
1684
3679
1096
4948
5781
5880
7820
1565
2635
7401
3691
9383
5882
9616
9075
7991
281
9980
6592
4648
176
9888
4527
3358
2696
6076
367
877
667
2366
8741
5699
2743
2039
7849
9054
7031
4181
7942
6646
6804
4303
3252
808
5975
1565
9794
1781
5423
7168
6729
6507
8826
8639
5428
8819
4515
1848
7333
8524
381
6052
38
2472
7846
289
9610
8127
6982
8614
6603
5080
2739
3333
3374
3820
4310
2271
9710
4744
3159
4207
5100
225
271
8058
2602
8181
8290
8679
3048
9214
2198
6290
9454
4297
6007
309
1128
3010
6221
3164
2912
6214
4015
6279
7547
2531
5082
1832
8944
938
2433
9829
3954
2794
1050
7231
2087
7904
7021
5585
317
50
4420
4159
417
1825
2512
6397
2835
965
2373
8056
5295
5838
7613
402
9085
4190
5483
8122
3206
6882
4524
4291
8472
4171
7201
8533
8454
7166
5493
2861
5708
5134
9616
1572
6630
8390
2912
1300
8082
5240
9715
4886
5047
3720
6420
772
1960
2150
5950
2694
4037
9630
3855
1775
5801
6795
2461
7159
6588
8545
1651
2547
8508
2996
5389
8208
6806
5991
297
8263
9911
6236
9405
8911
6826
7063
8873
4298
5583
5830
8665
1583
3472
9799
5759
2197
8295
6977
3323
1092
7857
4471
402
1554
2893
4910
9056
6138
2601
8162
7588
205
5485
5190
4572
6612
7288
8607
635
2908
4286
119
7203
1092
1257
6493
5910
1617
3056
4036
6170
7589
2872
4329
3632
3553
2103
2076
2145
1286
7941
2505
6809
9210
8463
7927
5439
6849
5277
7683
3222
8737
9971
9598
6816
5731
5274
5504
9921
678
1580
7537
3563
5340
5826
4844
2623
6725
6446
7434
8534
8782
6677
286
2544
4279
2853
8379
6435
2946
4117
699
1283
5813
5536
6824
4710
6667
9758
2441
9143
7187
3797
4235
2522
6646
2821
5491
1540
4192
8455
7328
4400
4470
9732
5920
7318
8806
2238
1523
465
9241
4733
2691
7092
457
6099
8210
3683
5138
4297
1027
2427
7382
33
7921
6311
1356
8719
5133
5199
1034
1721
3557
953
5059
2551
7786
7272
3837
8592
1765
5397
3674
1792
5463
7388
2306
6439
1711
5680
8568
6782
4121
8661
4371
3358
5112
7020
879
4519
7846
6331
7740
1940
9162
3086
1624
4729
3778
7947
1746
5205
3967
3287
4270
8370
7951
8058
1592
4985
950
1250
5302
1434
8055
9825
799
6504
7240
4362
149
6595
7824
9263
5833
3104
5004
7214
7217
7831
5732
5220
4204
4218
7385
345
6949
3817
1992
4411
9072
774
8729
5718
2301
1165
4471
6849
6239
6830
7663
507
9585
265
1116
3777
277
9591
4779
9782
3892
7046
9495
9768
429
8894
5052
1568
4166
1639
3294
2314
9633
4616
8644
403
2648
6920
2995
7731
6818
4036
4549
9578
3566
1458
6864
6209
5792
1572
2463
7892
197
8376
1148
2165
9087
5090
57
8281
7053
9418
452
1982
4025
1213
97
2539
7581
8349
581
333
7517
1178
7207
901
1532
2830
6799
3686
2135
2382
7215
5161
8937
1818
4205
2576
421
1435
8309
9027
8921
6797
7925
6967
2628
3898
4701
6929
8855
8357
5693
3907
9968
9154
3486
4764
9757
6919
8678
3057
2293
3007
1389
6468
7874
5165
2990
3031
5125
4272
9295
1170
8194
1256
8506
9114
1649
5245
9111
701
6193
4441
5774
1286
7838
4201
4794
7291
4639
6011
1027
8171
1501
6149
8374
5400
2228
6345
7574
2315
5338
9093
8073
5554
8966
4267
4384
4001
8052
6418
9134
4204
8643
6228
8882
374
6839
1145
9798
6471
9996
296
8572
2579
8913
5331
1131
684
561
5405
6526
1806
6033
896
6387
4806
4486
5275
6746
4071
5960
8090
3461
1469
93
6576
6164
6713
9546
5984
3218
3024
2580
4976
1203
7782
9835
7726
4327
6575
7514
5957
5407
9270
1445
8735
3414
4206
7826
1285
9402
2821
7952
4664
4782
3582
2246
4364
2945
6529
5174
8723
207
3308
5557
1554
4702
3139
1699
9393
8626
4565
1643
8931
9110
3612
6157
4046
6361
3675
7548
4249
4185
2115
1922
3219
4222
628
8938
453
9998
6956
2671
6726
1144
1414
6724
4991
7400
7956
5247
4838
4824
265
4630
6673
3583
4359
7851
9580
9922
2211
8088
2165
5726
5409
9649
8027
9363
5521
7153
5544
9785
3150
2831
6253
9772
4456
4632
674
3480
8027
5687
6469
9238
448
188
584
3174
6831
9029
15
3323
8415
9180
8057
7116
3942
9318
1435
2043
6815
3841
9961
5573
3712
2121
3104
6776
6178
9108
3950
1193
5171
4864
4015
4531
6457
4018
1145
5740
731
8823
7869
4470
4677
9984
6359
3778
8485
8763
183
7763
5997
5041
6540
6423
4936
8490
9944
7601
1593
9095
4925
4236
2800
1614
4728
5785
1594
3484
4150
2023
1267
5174
7023
9575
6271
1710
5383
2533
4485
8585
9324
8982
6828
605
7565
571
1004
9636
6237
4052
9707
3915
6291
8404
9791
3506
7185
1269
1458
1239
2790
8741
2618
6503
5235
4980
3410
8500
6772
8208
4208
2693
8062
5922
117
9742
6856
3457
5334
5140
5314
9009
37
1354
6884
7204
8099
8018
202
4869
8049
8285
6319
401
977
2667
3219
2820
5245
3960
2035
7025
1141
2230
8502
453
5978
3019
2919
4975
340
8608
7418
871
1994
7781
9692
8111
6209
9612
5782
9631
1551
1171
4192
2145
5540
1939
3533
4182
548
9215
3816
4597
1116
7501
3027
6874
1100
7137
315
3170
6819
1337
4153
3671
2461
6574
1317
7263
2964
1125
8775
5349
5741
2295
3763
382
7509
322
7442
5266
7859
1341
5061
9427
2305
4450
5713
6387
5152
993
1090
2615
9226
2596
3208
5358
8292
5638
1577
6002
1120
2028
6427
5379
3969
668
7099
257
6104
8075
6521
9927
5991
6900
5873
9334
4638
5869
9623
1751
4529
2320
2623
5596
72
3725
6007
1260
3478
9501
7854
5528
2213
6974
2277
2000
5002
4718
6032
1570
8395
6178
6928
7381
3985
6477
2364
8210
8307
7330
1624
2057
3668
620
5262
3160
6608
2467
1098
6246
8430
4066
5933
9827
4752
505
6924
9044
7680
7398
3157
8549
7499
3347
7670
7381
3923
6195
2069
9849
6056
4101
564
4691
6121
144
5152
8857
4252
1921
1601
4230
5547
1311
8899
7587
3422
6166
3184
3845
2150
9119
523
1359
6572
2634
3095
8429
8296
6557
784
3107
9227
904
5014
6059
7250
1128
7577
5249
4057
6806
6578
4508
8097
6903
622
5836
4492
9345
6981
6573
7073
2130
536
343
7965
5508
8677
9051
9324
5649
3836
8964
5961
2658
2207
23
2363
9296
297
2070
243
5889
4193
2695
3315
6650
1527
8329
6546
7408
4894
1405
8439
4802
9302
5247
2130
2788
7768
9931
9112
4812
4843
5387
5199
1863
4782
7387
1419
9460
3077
536
8516
4193
4923
6576
2919
9808
1634
3009
3125
2570
829
9197
2461
2347
3435
6371
7195
6914
6105
2776
775
4515
941
4002
95
7895
5060
9411
2295
9586
7345
8780
7255
1093
5531
4147
8532
5651
4474
3235
1132
2958
767
1152
4725
7394
8794
3208
8025
8521
9978
7448
7677
7025
6945
3055
5198
4142
2067
3313
8826
6378
4738
18
8375
9298
4785
3505
8697
7948
2692
7556
9419
4980
5099
7455
422
1940
1714
1661
1414
7639
6308
8808
9411
1911
1403
5799
7430
5072
4281
7472
9069
3919
7929
304
5283
3604
1214
6926
2706
7743
837
7380
2554
372
6134
9086
8382
3754
5491
9666
5643
1517
3292
433
1452
3413
9168
5948
7754
3912
63
4144
52
6052
5452
7948
8282
6910
520
3711
5131
1530
7624
990
5823
1766
6
796
8998
97
7086
6836
5141
7079
2039
1342
2256
7566
6982
9419
3086
6131
5986
3572
1356
6033
6493
7789
2631
1898
5633
2874
4721
523
6626
9557
5089
5820
2704
3132
4482
6805
1870
4697
9950
3271
953
5053
506
7020
7264
2599
1063
7441
250
7171
6101
4128
3968
6256
1736
9257
8527
3386
996
7310
4966
2232
3527
3738
9246
9893
6285
5190
1775
5325
2819
5670
2012
2857
7209
8527
9216
3608
9436
7872
4289
4927
4142
1066
4724
1811
6018
5680
630
2795
8463
5262
9362
8593
7148
6971
2963
920
4619
3069
36
8002
1125
5652
8405
3569
1887
4907
2406
2852
1169
8343
1586
5726
463
293
8417
3475
5288
5733
8676
2132
3441
3693
549
4538
6607
9679
1161
6487
5693
2183
9747
6199
7770
2862
510
5223
3404
2515
8131
9542
4237
2137
2332
4149
5283
681
6612
2587
1161
7655
1434
1981
8208
4122
7083
6943
2132
9633
6971
8373
6822
8591
8850
1953
8951
5026
7712
5112
3607
1973
6471
4482
8637
9588
9432
5718
3650
7352
8625
2995
7209
9794
840
4785
2616
1681
4295
1528
9694
7829
2373
3868
5015
2831
3679
3534
7304
9075
7355
2955
2123
9752
5912
7585
7319
2514
3032
5814
935
4671
2003
9182
9859
5423
1116
3922
21
9563
9911
2545
6690
4226
6166
2953
7075
307
7531
5316
844
1232
4765
6847
216
5815
4867
8789
7733
3823
3854
907
8305
3085
3054
9826
8229
8613
5859
1404
4740
6000
9372
8891
8695
2623
1396
7013
4930
9897
4530
3180
8138
4437
5883
4641
3696
2840
6947
8755
6232
315
7101
6340
1834
781
4067
5115
5922
2567
869
304
9762
9014
3016
849
9464
145
3337
2253
6101
8492
1487
4025
2102
3089
7273
7121
5943
1519
6909
4891
8120
3115
9121
6181
3861
5664
3522
9362
3277
9861
7801
9713
680
5218
9765
9900
9114
2054
7034
598
5072
2060
4810
9850
4946
5881
3484
7089
9849
7941
9810
3653
7601
2012
3177
2735
1559
329
1169
7665
6390
1893
3581
8811
3891
2681
9009
7080
1400
1284
3704
2765
1093
9271
8759
293
7774
9431
3876
4756
4841
4703
5125
9367
988
6234
5362
9862
3528
577
3870
8723
7893
9832
9746
3703
4157
2624
7121
8033
3954
5036
4549
5479
4391
7030
4741
4539
2742
5145
7936
1640
368
3185
9026
6095
5217
899
186
4179
9359
5481
7525
4741
2325
1486
5616
3170
5822
7197
2363
4962
9094
7926
9743
53
5847
2337
458
9681
6348
4364
8330
4739
3787
5405
5664
7424
7176
6479
3083
3481
1729
4107
9909
1190
5313
4338
6317
6966
1024
9384
2212
4870
6198
1603
90
8413
6824
1566
4061
952
1606
3329
6142
5652
2689
7149
9797
4434
9988
6171
8062
3057
498
4241
5093
4579
3551
2705
6732
7258
1977
5183
5718
1564
7645
7046
4488
9771
7507
5607
1690
553
7943
1449
5715
6606
5905
4541
6338
1879
6245
2960
8276
5725
1187
3918
7646
9612
3195
8936
1998
817
2845
603
4255
8291
3329
1195
7059
8411
306
2876
3664
7132
3540
7037
2497
5584
3680
3594
6099
2831
1303
664
4462
8696
9044
1068
4771
4895
6198
8637
7235
2287
5239
6698
4820
5129
4723
109
4834
4991
5134
7335
3445
7446
4297
3185
6892
8077
4793
4920
7025
5370
7574
429
2796
3977
3379
1752
8906
7878
8945
5746
2598
9512
6798
7159
2846
2486
9967
3904
688
9996
1064
4133
7580
6956
139
1531
4128
5147
4146
8800
4371
178
2338
1589
8313
154
1989
6086
137
6019
6771
7002
9351
6941
6526
4590
5643
9340
367
4370
7063
9281
5022
9810
877
7029
8155
1299
6580
4316
2334
8936
1910
2708
9238
1332
5330
3949
9380
566
4253
9811
6280
2341
5788
6687
7206
4062
8395
155
9472
8458
6807
1070
7940
2905
7973
2388
9899
5025
2076
9014
4580
3309
2794
1818
4653
6208
5433
5230
8822
33
3722
7913
5475
6977
7039
6091
6729
6719
8745
6634
554
419
8273
4764
5283
650
9341
6474
5659
1784
1930
4078
7958
3210
8778
8087
971
4108
9705
5495
5195
8313
9725
1950
7727
7581
1250
6907
8727
3923
2777
7703
1918
7788
129
4897
2758
392
6268
5887
6442
4045
3923
5959
673
404
2915
6157
5792
282
8985
7225
2883
8047
2531
1145
9633
8910
1818
8501
2957
350
1110
1758
4502
5019
6383
4918
3952
4800
8389
4932
8925
9379
9247
6932
6957
7523
8721
1420
8346
4526
4957
4677
3534
4816
2750
433
281
9232
7424
6296
10
8326
1969
2937
5478
331
3001
9202
9950
8054
8898
5414
9074
1767
2371
8474
9509
416
8752
116
482
9652
1408
4956
911
1464
2686
3886
7615
4283
512
8817
4767
4442
1137
3865
6331
8663
4498
7856
6043
1188
8422
9628
5732
4786
1150
9891
6036
6930
9204
3304
7699
4569
1033
302
4824
9137
9474
273
5178
8417
6885
7747
753
3815
9493
3740
3473
7431
8745
4772
1955
3246
4583
5756
1006
1401
223
1869
2468
3258
8329
800
3603
6733
9180
193
3190
7727
4470
814
8923
8014
1458
8131
4640
9164
1704
7168
7219
7339
7617
5475
7678
5085
7148
2635
2584
8078
3185
1011
9433
8205
6926
3643
9635
2485
8880
5790
1481
3866
5737
1282
2890
6825
149
7724
8546
9560
2067
858
4093
6511
9450
4
871
4369
4195
4546
6649
3529
5882
9528
6525
4791
7245
3707
6017
2242
2099
3453
7087
8498
6801
7383
1841
6654
7391
3533
5753
8234
1363
51
6104
9157
3043
1096
98
5199
4596
7266
5725
5802
384
3009
6639
4292
444
1523
8123
4512
9774
8871
9781
7324
7243
6296
6448
5293
6788
1655
8767
6211
6922
5396
9142
4949
497
2619
2244
7081
8280
7090
2442
3040
591
6311
8046
9099
6877
5298
2086
3840
5385
1634
6012
4869
4583
3597
3517
3216
8293
2099
1451
7127
3856
3567
6951
592
8484
4281
4417
4954
6448
1425
4544
6388
178
1084
5974
7437
3803
4982
3809
8776
2755
3239
2187
7150
7319
5936
8358
2977
1904
9262
8611
8581
3592
9829
7271
542
1663
2726
5051
3060
4155
708
5558
8301
3583
8761
4467
6967
7722
9230
7995
3107
7347
5476
4045
2127
212
7017
8871
6655
195
1657
1534
4958
8978
2548
3443
7117
9802
5538
2282
1726
2543
4821
4770
5484
6693
6365
4830
8048
6674
2827
2785
6667
3071
6010
956
8845
1063
8402
3621
9476
2625
8278
8074
2981
1733
4735
2686
7815
7061
2760
3506
661
915
4274
6901
1170
3829
3005
4603
2139
4588
1402
7760
6895
104
7272
5909
945
5343
9311
9019
7601
12
4149
3541
9964
273
156
6704
1446
5893
3552
8614
7424
3312
6532
28
9895
7827
2658
7621
439
3101
1741
9728
3088
8916
9960
1592
3970
3698
4196
2015
2039
1457
7188
8659
5260
9284
5681
1497
6459
3148
616
605
9218
606
8889
7735
8710
564
8295
5428
2481
2375
2563
8585
2903
2084
1553
2477
4072
5615
5359
9185
2367
6993
2821
2827
393
6264
7493
6694
1592
531
7560
8334
4575
9250
4368
3433
440
6198
8905
8750
1274
9217
4911
6191
3422
9569
1973
2280
5475
4370
5767
3856
3509
3626
8792
7852
5753
6175
6820
8177
9215
2427
8240
7512
4430
6283
2505
8424
7833
584
9150
3792
9606
3079
2811
716
9211
2405
916
5529
2116
3169
521
743
1844
6562
1845
7062
4398
2807
7987
1753
8018
3968
9155
6079
9535
533
1986
7138
2875
9294
4024
1547
9293
6506
7498
7883
4349
9781
5735
9791
9743
9245
9259
8523
4713
421
2910
3744
2339
9498
9560
2495
4612
2258
2174
3380
8076
1150
5314
3842
9949
4838
4077
8137
5461
7702
8335
6076
1564
7161
7693
9381
4706
2780
3206
6732
2840
6613
8937
790
6492
3529
7746
8282
2664
3160
5064
7321
5625
4175
2520
3360
1150
7608
271
5638
5629
220
6287
1027
7215
4051
8057
9956
7387
7253
9876
2045
6178
9
6963
5412
1426
3870
2915
9989
9915
8753
2539
2281
1282
2295
8294
9582
2504
2835
8879
3014
1557
5921
8937
3905
3795
7608
2302
6342
235
9477
5376
7468
5991
3385
8974
6302
5467
7174
4028
4624
6067
1761
2625
9899
9465
5462
8474
8244
5578
1191
8504
1558
2753
6316
6811
9826
7332
5608
9302
4803
4820
5815
2042
970
4812
7617
2155
7607
7859
3698
2961
8966
5443
2679
1426
1809
9341
7951
7556
4280
3547
1414
2443
2840
5360
710
528
5348
5103
3340
3817
1297
3677
4667
7288
2844
4326
2403
8090
6363
1185
6290
6307
6523
873
7150
8237
8193
1919
7146
4145
7444
8450
4115
9592
9123
9465
2901
2627
8420
8898
4576
2232
6227
3294
6509
8843
602
474
3133
9782
5378
651
3658
1087
4815
8745
7959
3311
16
8745
9201
4081
1324
4239
9542
1083
3455
815
9848
4723
481
1548
6015
2335
7226
6780
2114
6767
6814
7451
3105
8984
3147
6237
7009
1603
1268
4275
6912
512
5497
9493
7963
4427
2314
8602
1368
425
346
2809
2
166
8955
4730
2260
7908
5318
3467
3814
2470
6032
1410
8572
9661
3286
252
1248
8739
2186
5878
2115
1666
9540
1460
1102
5468
2565
1586
6393
7022
8608
3507
4228
2284
2494
7339
6793
5075
3465
8024
1250
2064
3729
3734
9596
9522
8978
4239
3015
220
7233
7693
7559
254
2566
8771
2906
3475
719
8033
941
5440
811
8772
520
3699
5444
7703
4274
7988
2277
2036
7610
7905
4048
7236
6798
4794
3625
1020
2490
5410
1858
5609
6902
7476
4082
4444
5799
7501
7621
9650
596
9675
3778
2189
7381
7081
3051
4187
7341
1546
5842
5787
7089
8944
2358
5670
6318
2517
3162
6245
8411
4056
4308
9387
5561
7323
5516
7279
9870
206
9960
1169
2451
7235
7214
8666
2261
5762
8984
2885
7897
1604
9338
5458
9568
5942
6287
2916
29
571
8178
1350
2904
8444
1129
4329
1042
9921
5458
6774
3997
7172
3322
9277
3830
5926
8403
2218
7346
5545
5322
6499
2596
4671
8018
4167
8561
9624
6261
4285
5514
4029
2458
7794
3803
6903
7388
593
6017
6992
409
8393
291
5085
7485
2649
3570
7180
7822
6488
5111
7015
8168
3026
2691
9581
9665
5187
9229
7532
2596
6693
7015
2389
6613
2229
2404
3290
5889
2102
8088
7318
9990
6721
9489
6777
1964
9813
9264
7247
3432
5433
597
2276
2713
5704
9926
2873
7537
9993
6949
3193
3152
4214
8312
9231
5213
8574
7664
1071
1878
9233
5155
9203
6738
4639
7578
2083
861
2438
5250
12
190
5957
7208
4763
391
1380
3482
9145
7412
3669
6273
5505
6233
5347
2856
1633
3199
7331
7682
7116
8288
2339
330
804
7121
9240
2921
4865
22
6829
8064
8724
1613
8092
1940
5553
387
2576
2367
1095
2911
2148
7099
2742
4480
3070
2858
9872
4597
4989
5773
196
1418
304
2947
1743
828
600
6858
9914
5083
5791
5512
6167
1004
6745
273
8677
7636
7866
1925
4245
365
2128
5879
8209
8506
8273
7804
6564
9082
7796
3538
211
2018
3206
7923
3240
8422
718
4597
1735
8110
5914
5043
5426
7593
2878
9268
208
5550
2660
5587
1062
3917
3478
8406
1467
5734
7849
3623
1390
5368
9198
6835
5657
6623
7521
2615
6342
7685
2211
6093
9240
6402
5147
1935
6050
5659
8529
7175
3379
4352
1254
5447
7284
8634
3025
3511
1217
6204
8368
5481
7217
969
8997
8911
7314
7680
6030
432
462
1405
8244
1659
7751
7403
670
5328
3990
5392
5344
9898
8302
3447
325
7879
9716
7168
1807
2091
7837
699
8736
8958
3893
6651
6158
4491
4369
8810
133
5230
8059
9318
9355
1113
6548
6712
5332
2438
645
4098
9783
3124
3680
5802
9170
4024
3894
8764
7918
9015
1420
7479
5622
1611
4516
242
9185
4066
1965
3883
6258
8373
8237
5112
333
6622
2240
9243
4365
4105
7166
8759
1426
5802
4020
3823
4854
893
1380
1459
346
1049
149
6075
4963
1835
8538
1930
6645
6031
2856
5880
2607
3666
2593
2874
6429
8954
6032
9109
2607
7483
4669
5461
9419
8720
4313
9487
7757
8086
6026
9979
5002
8359
3650
9015
8230
8640
3318
220
8910
2034
8426
1949
7653
3779
958
6267
4496
3214
5332
5302
5367
3711
6110
5302
3069
4596
795
1230
2183
4191
1724
4272
2615
5389
7769
9829
696
3868
512
3192
3726
452
8435
1027
3983
7212
7879
2249
6367
9926
4900
8247
4203
5530
8670
8002
6882
4304
1315
5679
7425
9802
2972
5841
7001
3471
6938
814
6054
1771
6456
7906
4969
2548
52
9996
4578
1432
42
9960
3962
4831
7973
2508
6229
480
2462
338
5807
5223
8946
3122
7527
4201
8655
9636
4886
7165
7341
5822
5961
9938
7059
1330
8011
6206
2965
7332
7309
6362
8543
2170
5421
1019
1884
5288
3271
4628
5023
9058
6337
4250
9913
749
5911
6500
8919
8837
7948
7023
5792
4987
6281
3565
8244
1081
5804
6422
548
2240
3489
79
9787
5642
8517
6545
2643
6644
3941
3477
7079
1244
2598
2932
8395
41
7498
7786
8
9756
720
627
2898
7115
1809
1326
220
5095
6760
9346
5520
2952
586
8486
1571
967
2805
8679
830
9674
2617
4036
1288
3732
99
5220
1268
2810
6716
839
5160
6440
7083
5171
9151
4450
808
5507
6932
156
6716
7850
2579
9579
8843
7731
397
3653
873
4048
6529
1232
179
5759
8735
8975
9703
5523
8886
3909
6260
823
1189
9866
3948
148
9880
8402
9974
3433
911
1874
1960
9783
3974
7673
512
2020
145
2337
9531
7998
9955
5122
6942
7834
7668
7547
2588
1640
4206
627
6363
3722
6249
4368
8364
1300
8401
8108
9965
7850
2357
4674
1671
1771
3442
6420
4159
5110
2864
1979
1623
6423
9520
5241
4183
2247
3542
824
7197
8986
836
3695
5433
8035
8702
6545
8095
7316
1364
5812
9859
442
8937
7600
6204
5750
3201
7603
2689
4648
7804
3000
9923
4732
2459
2669
1298
530
6390
3666
104
6521
9169
8324
7500
4413
8017
1539
3535
2667
1673
108
3566
8183
1761
3161
6005
1543
940
4516
7830
610
2915
1415
1414
9747
1652
5286
16
3775
375
7951
3804
5606
5684
2304
3743
1818
9745
6117
5819
4590
4998
9429
3924
1002
3294
6083
6840
9984
3286
5352
4190
5152
9369
5489
2612
7464
9587
2173
215
7563
49
5552
4477
8780
5756
3329
1211
856
7313
6263
4364
1254
8089
6101
6898
473
9521
7784
3375
5383
6469
5299
1437
1733
7003
7852
147
4720
142
3618
8705
3386
1672
8309
8028
3016
2523
1044
6754
9163
6931
1987
6942
4631
3269
1361
8186
474
8513
8948
1663
949
7531
5677
7578
8659
6763
1876
5758
9283
3147
2196
3448
126
1509
1326
4465
6054
6315
5561
7416
3975
1565
3253
8692
3730
9326
8353
6416
7694
6769
1694
5649
1723
300
6586
297
9855
3372
9740
1365
6288
7711
8021
3226
2647
9535
5565
4015
2343
7988
1127
479
6747
4983
2081
7704
6380
164
3258
2874
4806
3763
2649
1948
7103
2485
5875
3511
6589
1164
8644
4853
8632
6175
11
9470
9064
5457
9146
1433
6590
9709
9416
92
9534
5762
753
9783
1462
2747
3949
2296
7976
85
9045
5719
2740
5197
6161
4803
3974
4679
3386
7214
2044
7807
2020
1618
2615
6214
2072
6725
8213
783
6723
3945
8608
2875
4695
5531
980
1965
7136
7126
9152
5289
310
2545
9587
850
4460
362
1723
3583
9164
116
4751
2717
5643
1170
5570
5895
9111
6364
7811
2227
8751
6536
7296
9712
2892
1570
6328
1702
7223
6330
2746
1607
1052
572
1950
8679
9112
6582
9318
9958
5980
2677
7422
6075
9826
1222
9644
6318
1571
8861
3282
9325
5655
4112
3857
9143
8381
6682
6789
474
2673
5678
6393
7308
1766
5850
5064
2401
1789
3249
1002
3015
3433
8537
2879
8069
5098
9597
6351
6674
7081
7895
1971
6868
8040
5927
3686
5014
4380
4835
64
7910
5167
6717
5525
1881
5676
9681
6886
6100
8549
5962
5034
3164
4997
7927
2476
1787
3786
9865
132
38
8444
1743
2520
5493
1007
5585
1321
2535
6983
7889
8650
5468
1107
1244
645
3046
7810
5138
4897
28
185
5135
5516
5547
78
4491
1740
2891
6087
3037
5584
3402
1389
376
8593
9114
797
7123
1267
4633
8200
6081
3183
8563
2319
2459
2471
2900
3772
1200
3594
155
5783
5389
2820
9991
9362
7417
2779
6506
241
4123
6395
1800
9105
3906
7459
3264
5901
731
5102
574
8536
9145
6918
8791
2022
467
5080
2720
4848
543
1627
5689
6602
3575
5293
8078
6897
1341
7863
1658
660
8777
8963
5779
2577
4436
4397
3957
3095
5238
6203
359
4219
5816
9343
6218
3804
4402
9788
2593
6937
2225
3574
431
5055
9579
6329
7693
4686
4635
6181
2664
7785
9516
8362
9228
6706
3978
1478
1334
3112
6712
5766
3647
37
3985
2683
9184
4500
3691
2792
6206
1727
240
6905
5834
3225
5785
945
9039
3956
9281
5799
1595
2967
6606
8618
693
3658
9412
2836
2317
2091
5187
2300
1646
4172
5329
3956
6253
5168
8086
1105
1261
1477
3672
8075
650
4433
4734
7911
271
5972
5343
4193
1698
7461
3888
9066
7157
6100
1956
7965
408
8976
9235
2747
4042
7992
7063
2645
4027
9267
1944
3476
220
3974
1713
9713
3260
3336
9176
9759
8221
1097
9279
893
7423
901
1327
8513
6034
38
7226
6615
2363
4440
5359
8643
4417
5373
3850
8279
7395
8262
4807
1780
8977
638
7316
2645
1486
3175
3860
869
5586
9191
7991
924
8529
424
3533
5199
5827
4476
4377
5504
1962
5750
2937
3000
5117
7064
971
4326
1270
3208
2326
893
1945
7198
1310
5095
4604
2916
3410
4503
2649
5199
7880
51
2099
1734
2306
6067
3840
755
8221
4461
3822
4906
8886
6794
3758
9633
1402
229
5984
8264
6964
8389
2091
7481
2843
2488
7535
1001
7782
679
1928
342
8666
4428
7470
1028
6070
4892
2387
7466
2687
4987
9306
5896
9145
1541
8778
4426
4104
796
8774
5237
3103
4952
5493
839
9339
3994
1685
3927
6692
1357
9047
3825
1088
8142
9428
1029
673
962
6356
2152
1796
3148
3477
9111
7844
8004
2055
7507
9369
7368
3697
307
8613
1183
8390
7574
362
9407
960
5390
9114
7469
8691
3677
9203
3479
7767
2148
9351
3396
7851
8274
4977
9944
2195
8899
3923
7895
144
3845
4110
6419
4761
4016
2560
7475
8051
8420
2280
9371
2537
4124
3107
6078
1380
8670
3519
2143
9433
2090
7213
6777
1789
3388
7252
5047
4914
1126
8060
5905
2014
359
3914
3779
3776
1956
5916
7203
2764
1157
413
7161
9185
2011
6089
5829
7338
9659
2391
8203
2750
2979
260
3387
1394
452
9959
374
5873
581
3356
966
8054
5488
2846
288
5864
3732
8342
7698
194
2376
7012
5893
4071
128
3178
9934
484
3837
4578
5602
5460
6787
1814
4489
9670
3140
1908
3714
2428
8504
7316
3986
3605
7181
675
5031
9199
526
3262
2680
4374
6027
3720
510
3876
3516
6110
7324
6681
4875
4343
7310
5871
621
4626
4707
8304
8804
3653
5765
76
7143
4322
6558
8672
1912
211
1322
4587
8586
5483
6242
67
5819
5720
2739
1313
4276
1436
5855
2711
3973
9001
7980
550
4487
8610
4943
821
4532
590
4985
5998
6509
2916
8264
1559
8789
4276
862
8716
3592
722
161
790
9907
3418
8767
2033
4040
7217
5185
4687
4076
9931
78
3043
7338
6935
9016
1233
5922
3175
7862
9818
2834
8916
6228
2815
6596
8468
4562
5291
9002
2945
1597
6269
1297
1555
8755
4872
6996
8545
3174
2325
3030
3027
1885
7198
8236
400
4710
6524
9957
6923
1157
2646
2174
2919
1219
911
533
276
4303
9912
405
7712
4843
1777
2173
1368
338
9288
7222
9348
8891
8742
8202
2619
4550
2215
9025
6441
6415
1833
6986
8056
2345
9741
3801
4040
7030
4353
8063
4572
7462
5997
7564
562
7289
8988
4473
7774
7813
1710
1224
5908
7553
1643
9671
7322
7864
2667
5619
2841
1157
8943
6623
3785
9068
5276
9146
4984
9560
4152
2231
580
8599
6884
5354
1694
6713
9699
8807
7341
8865
133
2284
6712
3587
3744
6453
1908
4327
7054
7774
9426
5321
1101
3399
4209
9782
5079
3510
5033
532
7246
3615
6415
1923
3557
226
9635
6950
3365
162
4494
1577
5635
2831
8760
2180
7435
4364
2162
8152
273
4397
2689
1937
7588
5311
5316
2648
397
6292
2321
5005
6042
5285
8730
1763
3989
9090
3573
9687
994
1094
8930
5649
4438
9527
4578
468
7742
7172
7712
2979
7183
1044
7845
6444
8338
2741
8291
4651
1319
4488
8645
5803
5414
1454
2852
2497
5421
1606
9230
5632
3801
2370
6729
5143
196
3717
9261
3256
4415
1681
4854
6123
4209
4630
4170
2667
5304
4536
9044
2480
5651
8752
3697
3430
3722
9221
5828
6104
8010
7106
4877
9772
1179
3043
7183
539
7121
8855
3329
1628
1295
5154
1659
8063
9237
9966
4697
4887
3983
6591
4216
4091
4867
3997
8562
5069
6491
4857
7111
7419
4426
9815
8088
2361
5114
6586
4651
8165
1714
7038
7829
1762
9103
6033
2246
7910
5259
2154
4292
7044
8143
4563
3457
7330
8809
7714
3707
859
2248
8262
7402
7394
4273
3748
7845
3094
3238
2740
8164
930
2914
3003
9080
621
5680
1019
7383
6286
9227
1041
1593
806
2777
8031
1642
8894
7462
7009
5928
8839
8582
4685
7009
8695
3190
4524
2694
274
5163
9445
7325
5949
4528
8886
9114
8482
8447
7533
6192
8668
1466
8305
9320
6430
4465
9194
1344
783
1844
612
6179
4414
1541
4962
466
4130
3518
3555
7923
5621
5249
1398
6165
1078
5868
4173
2784
8298
8162
9476
5135
7959
1373
635
7245
3300
9980
3313
3037
5686
7764
5984
2769
1364
2478
282
9273
423
4088
2501
4053
7513
3818
1688
6477
8288
8623
4417
7696
9901
3673
9590
3472
7521
3235
8277
3629
6606
7859
766
9925
7536
2202
7290
8842
2286
7956
5354
8986
4514
8743
5878
7011
3229
9069
7483
9339
3821
6843
8944
6506
5089
1274
4120
645
3296
2916
4836
9883
2807
2227
5790
2977
4564
1633
4082
7776
9747
6123
3322
2984
3666
758
7173
1680
3805
6246
735
1567
9371
830
6645
591
4746
5584
1272
4183
7021
752
2691
9118
2169
7078
9064
9161
9142
9055
3050
9855
5708
7644
1823
1205
9565
8715
333
7026
7098
4953
401
8725
6802
1005
7368
4808
674
1856
8362
5558
7820
9388
1922
6061
7120
525
9355
7897
1923
6784
7981
9610
1072
1293
4044
6966
4673
813
6059
8468
5117
2807
7243
8745
2308
4648
1892
1565
6309
7307
3902
6486
8554
3653
2973
9951
717
2114
7961
6880
7854
5183
2925
8513
3383
4354
3468
6326
6003
9956
1335
3079
9833
7547
869
5214
6048
3373
6317
5150
8775
2482
2552
1353
2512
4960
3325
6778
3080
8894
5328
5437
9529
2929
2388
6288
3428
7915
7999
9873
7578
6102
4658
3093
3749
2432
4138
2888
3858
1264
3287
5384
1655
1232
3332
4167
8043
6430
4320
7136
8725
5318
4719
8343
7465
4739
1693
3369
4902
7839
6738
1284
9781
4014
884
6099
7279
3028
6318
8629
5532
1882
3937
8543
5075
7600
6922
8073
1102
6478
4902
3525
4681
4966
6867
6113
9471
1340
1193
9291
993
8048
1485
3315
7547
818
5154
9116
9984
5124
571
1690
7436
4434
2815
8471
1662
567
9977
50
9753
5049
7051
1544
5122
3053
9036
6259
1885
8978
3015
1225
7939
840
6429
858
7443
504
3990
6707
3023
7365
5398
9818
8852
3042
9175
6434
4081
2706
7924
5321
5333
5230
5339
4327
9636
6122
7759
6910
5107
7793
5717
5201
4101
2621
5446
7713
4500
2818
3323
8121
8182
8133
4484
2100
4867
7205
2286
4475
6182
8505
3945
2541
2310
933
2648
2423
2930
3045
2028
7117
4688
9490
2652
9706
1235
4154
6447
3935
2495
3072
1999
2154
2982
1253
7292
2563
2500
7107
3462
4326
8550
9516
2202
4764
7490
8235
4196
3495
1432
6350
6670
4791
472
4492
7775
6272
8183
698
139
9578
6796
7824
5458
2330
283
8152
4927
1955
4903
9059
6938
7446
2990
5200
7063
5646
4452
1073
353
2871
695
6018
7601
524
5052
2418
5390
2425
915
3434
6756
6182
3129
2802
4762
4309
9368
1901
6399
3785
3158
9463
3967
2121
5302
2307
6859
7549
4796
9478
2117
728
1792
3307
4912
35
6946
6745
8223
6155
5243
5003
2509
8003
2526
9006
1139
8691
3284
6360
6109
2634
8136
5341
9540
6319
2656
7142
7004
2580
2579
6701
4085
8493
6269
6576
4371
2896
7287
5169
1288
2499
8377
6298
7414
4398
63
2761
6603
5104
9071
5721
3083
7823
7758
2726
4558
2703
4291
4228
8940
7098
4904
7213
1200
2346
4403
2596
6465
2635
7597
6497
8893
3157
6689
8561
244
2594
8544
5261
2442
636
8664
6291
7633
5565
3114
1237
4425
5040
5791
5106
4314
1992
7640
3778
9203
6552
5369
4510
5990
7128
8361
3056
4398
4092
2136
621
4519
5362
4144
7059
3071
6183
4997
3208
8202
4532
3925
5352
9586
5155
6390
2756
8641
3162
5281
8265
3955
5956
6902
5009
7756
5326
6063
516
7501
4792
9461
2085
8409
1544
9993
7744
5615
217
9755
190
9930
7848
2589
6743
7828
8944
8774
3864
8650
12
5638
502
5215
1378
9106
4259
5653
8883
9478
9636
8065
5067
3243
6072
9689
4056
4325
5346
288
971
2008
3248
6857
717
3464
1435
1054
9799
785
3872
6456
2674
6613
8811
654
6041
9966
6804
3244
5330
1556
3106
3691
5603
8776
2393
4681
9355
1785
2291
6277
7731
184
2658
5022
5254
4129
3210
7392
8088
1864
2431
9523
2395
102
1765
4946
3198
7000
7028
6805
9086
4996
7956
5007
2453
3335
3008
3397
133
930
1115
3820
4333
99
5930
9344
102
8206
4058
5844
399
7834
8690
4525
9643
3036
4328
4364
2350
2788
1202
8585
1853
9045
1251
7217
2863
758
1805
8071
9498
144
1861
6181
3665
3403
8730
9876
8137
411
3787
5504
4621
2669
9723
5638
7909
9040
6457
2130
3498
6454
4845
3752
7259
8968
4965
7105
1389
4993
5907
3576
2122
8757
9699
8273
6028
9514
5405
6705
8426
2941
9118
7086
6125
4090
5351
8513
9652
7076
1070
3023
1596
9936
1731
1228
9072
9626
6727
7045
5488
4556
353
8223
7185
855
3165
5222
8574
3893
3453
1821
9266
6577
8496
9393
5160
325
7699
4779
1883
7999
5459
4873
5139
2847
7359
3990
1111
3374
2588
4452
3298
7515
6743
5226
8053
6650
6523
2209
8291
4808
3405
497
7990
2658
935
5700
5324
9806
2239
2474
2757
3780
2205
6586
8439
3882
7768
6459
8131
2318
3717
5837
5011
3135
7978
480
1337
8333
7467
9987
5482
5548
8179
5717
8779
3419
9249
6706
6908
2800
2569
2825
2530
2836
1314
6182
808
1637
4947
9668
2973
4473
1271
5345
2330
9975
1131
7732
1248
1236
2197
3250
6840
7677
2507
2539
7014
8198
7739
1167
5384
5043
623
3270
3218
8152
4437
8940
3045
4426
364
6336
6063
3569
1095
1583
7298
189
1835
9958
4400
572
7982
8662
1956
6776
8931
2585
4214
8606
1307
2121
314
8946
9151
3585
2049
6821
7531
2059
6810
2201
636
9633
944
2128
5578
4108
5221
6519
8758
4461
7044
3844
4337
5894
6708
4299
5406
3446
866
7017
9431
7272
7253
9821
1970
2706
2161
6701
4000
2540
4833
7302
5964
3509
8344
8269
5634
4099
7427
1436
3159
8401
6707
8179
1068
7321
3201
5878
1222
7790
9751
230
874
4709
505
3110
6111
1670
7606
8485
6431
8713
5646
3976
2427
4605
7834
9033
3838
3397
324
3735
7887
7983
2275
7004
8782
1521
7639
1102
7264
5384
2551
3496
9451
8438
2985
6931
3653
3475
9639
957
8255
6821
2172
6895
3954
9158
7607
304
5891
7597
8478
6316
7552
5451
4288
8552
5549
8557
1106
1961
7616
7946
4383
9938
5327
6002
7318
5808
1707
340
1854
5364
6388
5997
7770
9319
9878
1596
6636
960
3552
1715
4800
1873
8392
969
1810
1255
4603
2056
3629
9643
9981
4480
197
4433
3724
4622
8806
7335
6024
7965
8369
8064
1396
1059
8641
500
740
9796
8910
4380
4210
504
9135
3685
8395
1354
1858
7162
957
5352
3025
2226
73
7094
5300
7042
5458
8883
295
4924
33
1635
4939
727
3838
8666
4202
1381
9780
4154
4114
9498
5006
8622
2596
994
9370
3914
1953
8212
1645
5468
9536
2327
4997
6625
1069
1192
5977
1696
4592
4776
3619
1630
7995
2655
3752
406
5957
84
8000
4803
486
9534
9545
7275
1216
4046
6886
8434
3
1763
7367
3344
8796
7494
9966
3146
2536
1271
2186
952
3184
3850
9915
1517
8112
5059
6842
7127
1674
2455
4919
7461
1785
5502
8148
5387
9902
6873
7582
3495
7001
4113
2991
2353
4144
7828
9532
481
4648
4531
3526
8946
8996
5455
6002
5422
5457
4437
6785
4491
3295
7939
8196
5159
8163
2691
8849
2700
1728
6908
472
5961
1363
4305
6818
5090
2617
7057
8106
9627
4016
2709
8353
9645
1680
803
3354
5118
2702
1061
8108
762
2440
2295
8688
5500
9600
1147
3115
8743
613
4555
7560
2505
6112
1893
9912
6181
2757
5398
6290
6780
7904
9705
693
2538
557
3804
9961
9480
770
1980
6172
4766
9122
2771
1336
4947
7594
7173
1314
6668
7878
6367
2027
2965
3294
9918
9900
5015
619
1654
1320
8742
3654
4194
4276
8445
6815
1553
8624
2347
2559
7676
8394
2682
3477
4921
6511
2505
8095
7400
386
5220
9971
2505
7112
4255
8864
9275
2530
4799
545
1195
7653
673
9896
8369
5215
7607
9063
7409
3488
3139
3434
3186
1631
4883
5116
1293
539
3617
9604
3369
4561
6084
9099
9759
1352
4807
1908
3596
2028
2096
2712
2010
366
6431
788
7043
1790
7554
9285
7752
8980
3925
2855
5099
8452
3135
8832
4141
1272
8255
5569
96
7408
3774
8398
9206
6219
264
8605
4890
2852
7820
5125
1066
890
1437
7382
5585
1826
2171
5677
3935
8479
1
973
3241
9961
7505
7798
6470
5114
5150
590
9369
5244
1169
6784
5649
1589
9209
6103
9041
5654
766
9176
7995
9539
7356
4995
9868
2901
5454
1536
3637
761
5675
2376
4476
9182
8415
7540
3170
492
7565
8805
4562
4977
2812
471
7366
9451
6289
3870
7185
2251
8714
6726
4760
7255
2407
8351
6957
6381
4703
4372
6363
1173
9288
8766
6281
1990
2423
1961
4318
3216
8182
9274
8493
3429
8848
1115
3580
8232
2311
8828
6139
8770
9683
8942
2016
9987
533
3679
6406
6689
8644
5433
2843
4380
5186
5039
761
2256
9803
5879
6301
4942
7834
6482
67
3805
1274
8076
6109
2638
3785
8930
6593
596
2728
279
2873
7718
3393
1392
1714
1725
2980
2567
4665
3956
599
5973
3951
985
6158
814
8591
9383
1435
3336
3646
6489
2688
7688
7545
3847
706
8617
5840
6889
1538
6274
6783
1327
5608
5289
6642
5386
8972
832
3763
473
7328
561
4445
7317
6575
273
1820
706
3269
2249
1676
488
6383
2461
8568
9743
7081
8
5295
9106
1216
215
8330
6634
565
1483
7500
5961
3971
6268
704
7852
6989
5380
3714
1216
3863
3139
4416
2734
8919
9364
782
5269
1086
3419
5175
9453
2717
5003
8851
3854
9239
2609
2587
1082
2916
1366
70
3157
878
2794
3213
2111
2532
5542
316
9518
2322
3142
2194
9285
1729
8015
7027
2103
8867
123
5533
4889
5000
3887
9684
9366
6799
6527
5971
5313
2060
6442
3864
394
7782
6822
7374
327
2291
532
470
9659
3762
3988
623
1903
3710
1926
4171
1136
5565
3055
1147
3666
6898
8509
2923
7073
2762
3785
247
1740
8702
6633
2678
1965
2645
9395
3877
3649
6076
5780
806
9168
7750
4851
9973
1534
9906
1496
784
641
3324
3639
891
8945
387
3950
4243
7147
2681
655
3500
537
533
1560
2603
6713
38
893
824
5584
7786
523
9524
966
2927
61
5177
4624
8406
9711
6351
3331
399
4968
5538
659
24
9900
6966
4551
3941
1458
5818
7302
9591
9228
1577
4049
7352
4611
489
3597
5006
3548
8098
4499
35
2606
3051
2981
3047
1695
3259
9729
2339
4929
2282
4409
7534
9357
3839
2539
7824
9787
8565
4708
3856
5103
6258
5995
9686
5285
5739
2305
5496
4047
4112
7941
9058
686
5165
8396
473
9120
8328
3841
4997
7438
6653
1539
3493
527
8606
6241
6800
8143
7352
1458
2663
1743
4169
6798
9682
8208
5184
2600
9144
4254
1316
4131
6507
4374
7011
7441
8601
4843
6564
3586
3546
1126
749
4368
5259
8309
2928
7700
5904
9431
700
9478
2580
9809
814
9541
4732
8067
2442
971
1649
1555
1643
8489
8426
438
7857
4783
4418
7325
4062
7780
5078
9744
5570
646
1369
3086
5074
7179
6564
2828
1972
2629
8909
4224
8458
5539
6397
6861
4749
6865
5232
7209
5684
116
4749
2379
7241
3281
665
629
2494
5187
4100
5158
6916
3825
4668
2740
3328
4065
8738
593
6692
4635
2507
7293
7972
5511
114
1390
9329
8408
2037
2351
8059
9084
4260
2612
8977
1337
2410
1364
6418
722
4190
4920
1525
6900
1391
8049
316
6318
5210
1212
5189
8447
8571
5444
4716
5765
5319
9574
1697
66
168
9949
1160
9041
9631
2865
6748
9929
4402
7238
5211
3611
4993
4656
6303
2942
9149
2616
8057
1782
9588
1529
1123
6487
1899
2619
3979
1520
8485
1799
2508
5645
7750
7879
2231
5961
388
8675
763
8055
2274
1348
3436
1999
4868
4794
3960
4213
6651
350
9400
2287
2999
4542
1929
883
1726
4976
5481
5858
7069
478
7616
4170
2266
5895
5734
4157
9137
8385
4425
8200
160
5167
4472
317
551
5319
4252
3941
3090
1075
5518
1621
9541
5647
1458
7171
971
6281
6614
1591
8371
2253
8367
6293
2653
5350
9403
5208
3003
4639
6074
6532
4064
1682
5202
7749
6632
2294
5877
7096
3923
4437
2181
6118
371
5465
328
5253
8481
7661
1048
8276
5878
7058
3470
6658
6468
7864
6689
6344
9637
599
4504
5750
8175
6300
1839
3942
145
7478
2006
2916
3975
8529
4142
2772
7225
4782
9387
6286
1125
9450
2887
4659
8255
3270
8221
2041
7513
5065
5932
7381
8095
8014
1202
1541
2053
3629
4450
7539
9538
5477
9587
7583
7096
462
942
6499
8340
8378
8325
3676
9027
7320
5759
9553
7763
4784
9178
9771
3110
6172
9252
5434
2010
9498
4209
7204
325
6210
4986
7807
1461
3354
2186
765
5708
5289
4046
6361
681
4351
8164
2012
2171
9733
1870
9195
9965
9427
4986
7473
7377
783
4903
2913
2667
779
5703
9689
185
9198
4085
6862
9177
1885
4281
1884
6009
7204
6427
2748
8188
638
101
9127
910
3536
5715
9002
914
5641
4076
6616
751
3787
5780
8699
1976
909
6826
9195
4234
2798
6852
6663
7427
4488
9649
6811
5205
2751
166
3386
3596
3506
437
6044
8651
6290
4856
4752
3646
1132
8580
9009
2684
9780
2484
5516
7393
7218
369
639
1209
31
408
8005
4361
129
9678
9720
4704
6947
4044
5989
1625
7584
6861
2283
1611
379
3832
7943
4001
2235
3923
9788
7041
2098
5412
5055
597
1003
4354
5604
86
7648
4767
3481
2318
1717
9633
7528
2634
8508
2387
196
8623
1105
4108
705
3946
4131
2826
9379
4622
671
4299
6384
9961
1277
9159
5612
8379
3749
6605
8552
8103
1476
2474
3256
9383
1204
6837
9604
9408
6745
8541
3172
5833
3552
9054
4944
2982
71
3676
8275
1168
9729
3639
1335
2074
5642
4715
4887
4770
4707
6510
797
6604
4934
3758
7420
8389
981
9392
4427
2804
1885
4211
2746
393
5436
710
6137
9604
2211
9763
7694
8499
943
4680
2172
7843
3719
6122
3294
256
608
418
2822
868
8498
1480
679
1313
590
1651
8264
6163
5511
4608
7568
6248
6715
5418
7046
1720
5408
4713
260
2953
1092
1366
4493
2988
7744
6711
9824
1976
9848
1525
4894
9559
9386
7105
1049
197
6302
8701
1306
8114
6688
9360
5632
5553
4883
2640
5671
6516
5522
1149
4347
7099
5847
8017
6354
1419
7339
7378
4036
2797
5498
5759
2410
2975
1449
7870
4215
7209
2777
9580
123
89
3460
7834
4535
6297
8693
6979
9278
4629
683
1893
8826
3363
9505
9593
9176
2582
828
5410
4190
1557
527
1123
5898
9547
576
7048
9964
4580
6623
1137
8789
4609
1746
2599
6399
3131
6185
5839
8438
4643
9425
4786
8221
226
9745
2169
9579
5604
2052
2882
7976
9417
7185
7987
9059
1229
8585
4726
2332
1908
5713
2761
676
6571
5512
6417
6654
1318
3475
2642
1349
2671
9685
3382
2517
1971
446
1539
6574
7505
1991
9187
4746
1697
4050
9090
9955
7812
1973
8212
5355
9357
6982
1791
7273
1258
4810
4408
5963
8314
5580
5319
3826
519
5676
727
1366
4000
4367
6698
225
2647
7599
1381
7879
2415
295
5261
6309
8171
2605
510
867
4837
7724
7226
6735
7772
2715
3204
6359
2305
4249
1497
1099
5694
7280
4408
5027
6924
1200
6375
9490
8877
1102
9423
6258
9671
2865
8331
6296
1069
7430
7451
883
7559
4418
5847
7241
6538
2089
188
537
3206
2417
5546
877
7177
8882
6051
2329
6493
6393
3318
4079
3706
2615
1547
9827
2589
5402
3783
766
7143
4339
3728
7726
3879
2585
307
3622
2036
1394
6289
3451
3997
9849
1518
302
7892
4147
8789
1272
1876
5231
2450
5109
9814
69
5843
6771
5911
4722
895
3101
360
8148
6812
5977
3404
801
9214
3700
895
3520
8316
4121
5935
1288
5240
3777
5351
9983
1379
1082
4000
8755
7729
7025
478
5890
8247
6545
3536
4212
8975
9777
2348
7579
8809
9686
8904
7706
6721
9637
2209
5769
2868
8675
6748
9505
7708
5985
9331
3157
8577
3493
3940
2557
1221
7835
1977
3518
724
3012
6725
2968
529
3803
3342
9053
2737
8349
1480
7952
8466
7939
2009
267
4187
3880
8044
3374
3487
5925
2270
731
9044
281
1619
7841
4015
9441
5414
4359
8840
9158
5915
8910
5997
4220
4026
5573
3509
972
7371
8369
2525
4777
4875
3183
465
5416
5402
3961
1198
3077
2186
1132
8783
4188
4513
330
9046
1335
2181
2760
9917
4456
6932
8116
464
4991
5372
7773
3725
450
8043
3778
235
2532
4343
7287
7454
8822
2447
2009
3326
4465
3366
7917
8188
4850
3425
597
9754
3265
8075
1248
2405
2760
3626
1569
4008
725
6872
3174
6300
1480
3648
8924
529
6252
3407
1813
2515
391
9731
7420
3734
9527
4213
1254
1063
3599
4992
9918
4021
9302
9219
616
1053
3983
2994
6701
5483
5363
1191
3385
8368
5050
7184
18
9919
7177
194
9937
2245
2254
5801
5009
6464
759
8319
8409
5408
7647
9908
252
7162
2776
4845
8255
3257
7787
2241
9490
7789
1925
1614
7778
5416
9746
1166
7983
412
9721
9068
7538
4595
1517
7543
618
7587
9868
7701
768
475
1010
2736
6797
8936
7519
5900
5734
6652
4005
6267
3214
6093
1545
7517
3437
2988
1163
8702
3780
397
5440
7622
2842
3082
9249
4735
6000
3803
8590
1223
5896
1891
8585
8108
1502
1219
6742
2627
5212
4783
7120
3747
6110
8602
7162
9042
9225
4877
1157
6351
1652
3229
5812
1856
2585
4857
152
4529
4918
2769
698
488
209
7505
9570
9219
6752
7198
4637
7518
7793
1037
8417
4579
495
7418
1192
5062
5351
6507
7722
9773
7107
7398
1062
1905
5454
6671
4851
5759
6392
7965
2683
3319
4449
1714
4565
2452
68
839
6478
2077
3521
958
5029
9166
5459
6314
2008
1446
3118
6882
9269
9346
1707
8840
9065
7503
6429
2823
9757
7955
5713
7347
598
3756
3001
4944
7880
8181
961
7824
25
9329
4276
8535
331
1085
5108
1572
1873
1385
1688
6441
5857
4477
3036
5790
4508
3512
9278
973
263
2074
6897
9747
1465
380
4218
1761
2824
2792
2021
6857
5398
830
2989
1764
6429
5648
7200
3359
7687
3695
3908
7979
4701
5159
5389
4387
2435
1666
1936
5903
5358
9560
4178
5851
9253
5114
3251
9409
7188
5630
4202
3416
1304
6655
9237
7749
8332
346
1982
2566
3608
5155
488
7317
3551
2072
2596
9181
1844
4720
2109
3737
5124
9788
1924
8528
90
687
2270
1318
958
5401
3431
7507
4335
9386
3867
1110
4381
3590
9238
6376
1764
1870
8651
157
8292
8138
8837
9393
6258
6677
1848
7490
2466
4377
4367
4974
9598
730
277
4864
5454
246
897
1638
7854
7648
7071
1079
6643
6473
403
5522
5119
2506
7567
8535
367
4805
4167
4448
5290
9990
3352
2561
5341
3053
7778
971
8510
9504
1224
7932
5449
4147
1236
8127
8260
3943
8075
3305
4272
7365
7105
7130
4214
9998
6849
8176
5746
3741
6962
6288
9146
4044
2802
1770
1567
7282
2402
7287
884
4658
1308
6716
2819
8378
3701
3101
9301
4003
2419
683
5229
493
5020
8820
8994
4282
9285
8613
6152
5811
6156
6105
2692
3540
2946
8704
8817
492
3669
8653
6894
8071
6164
1787
2268
573
1400
4584
695
8339
5451
278
445
4060
345
8903
2759
2988
4390
6955
5707
3301
6499
5510
9152
7751
5977
687
7335
410
9491
9239
1107
7150
5838
5584
5105
2647
6479
5960
1416
4898
3749
1896
7256
1410
2625
3514
2003
3561
6836
4523
1279
7522
6936
9212
9559
6135
8503
6006
9258
1449
4099
4344
8274
2382
8297
2457
156
5649
1919
8753
1458
2508
4967
6872
8989
4178
5940
2688
4806
9047
1874
5940
76
1480
3866
52
9304
3752
1625
7274
2819
2571
4038
3718
4698
1131
5649
7566
2186
5574
2416
463
4146
7802
3486
1841
558
559
6006
4260
890
7008
2359
1642
6358
3799
8294
6787
1040
787
2315
5285
4652
43
4931
58
167
8123
7546
4071
6843
4892
9733
9356
5927
1508
5710
8172
9833
8666
515
1146
5481
2311
442
9678
3135
1050
1328
6033
2742
5476
8985
6661
223
7281
9272
745
6910
2622
6419
1544
9190
3245
2435
916
3148
2020
8709
1117
3923
850
34
6138
4150
8072
1066
8678
9939
501
422
3929
6582
7112
2188
4752
8113
3948
1570
3706
5167
6884
7440
3146
2328
3067
8752
1689
6732
8185
8098
3834
6802
9243
8676
8839
3932
1707
7372
1014
5415
9512
3730
5120
8704
8471
383
9979
6562
4324
5143
2099
1828
9858
6974
7950
10000
2042
1415
509
4775
3124
3277
8645
7269
8227
8823
3178
3433
7177
4539
2036
8760
9541
1194
4889
48
1104
6338
6428
198
852
9558
9012
8900
2273
9627
9404
7680
2542
280
4603
3403
921
6324
4600
8873
7492
1842
6543
6121
8007
9837
8034
6325
4612
3176
4863
3225
3458
7670
2890
254
3209
5775
7099
4755
8134
6907
2746
256
6965
6811
6597
5028
1901
4216
5646
7926
277
4341
2338
8705
7794
5681
5254
9099
4748
6863
6053
6725
1430
2231
6664
1419
9724
202
1010
7540
4268
3967
1920
6683
3338
8600
4151
1927
2497
8927
4564
5114
5153
3040
5122
9968
255
4012
4046
6925
1378
4814
3707
9618
729
3725
2567
6012
5510
6996
7219
7183
7177
2636
7580
156
7803
3444
7569
9591
6862
5836
4070
1529
1994
3198
5946
2932
6246
6765
3496
4235
2296
2640
8893
8390
1900
9689
350
1359
9894
7229
5055
4108
5586
4680
7038
2475
7768
9148
9652
1256
4946
7849
8235
5132
229
7278
2935
8344
5019
727
2155
1328
8760
6827
8380
8491
4741
9983
510
4152
6000
8819
3297
9311
742
7569
9671
6762
6419
282
2746
443
8455
9354
4901
2940
8033
1960
9219
7365
3240
3136
7962
1555
5430
9763
8085
4977
1307
6086
731
9141
8853
8788
7406
9301
3490
1080
2390
6455
1830
262
8309
9006
284
8056
4348
1314
7314
8741
1749
7587
6446
3488
6899
6926
8214
3357
9544
8704
3986
9763
8807
8806
1702
6179
8504
7550
5326
9471
1313
5833
3802
4858
8248
3976
2907
8936
2604
8092
3087
8977
6444
9669
4860
9933
7
8941
6668
8361
9143
9952
814
8794
8518
485
1750
1880
3421
216
4652
7128
8964
2169
3226
3704
6626
5942
1059
1524
1839
5583
1070
2921
1351
2435
1564
8019
2072
396
7947
5784
588
2927
6146
9693
2762
5290
6218
6262
3789
7964
5669
6075
4036
8825
9909
657
4362
449
656
6393
5040
521
9964
9177
1195
7666
7023
4459
3537
188
9932
9722
1953
1155
6829
7554
2637
1722
9072
242
8226
567
780
1868
6240
2104
9953
6857
7352
7038
2868
1314
9435
2975
8002
7953
9681
1678
8477
7151
58
7327
4578
8874
4737
9767
6662
491
8946
1305
6606
2738
14
7190
6460
7884
830
9047
5578
9114
4968
1198
7065
4561
98
7169
3253
7389
4770
3807
6915
1137
6962
252
9175
5394
5793
8098
6356
907
1589
9572
7614
2929
3388
7922
8603
6941
9463
389
5142
8065
3630
4570
1951
9342
5895
1162
931
8427
9150
806
5548
6500
7973
4691
6081
4460
1649
968
4038
3354
2091
8819
5887
241
1658
1622
8201
8573
7106
4765
9107
2946
2503
3555
5458
6189
6205
1533
2057
5646
3163
1562
7976
7751
8480
5162
10000
3280
779
8408
8197
4340
6502
5503
2911
5627
3811
4111
3509
6746
3175
208
4696
6054
4292
8765
355
7705
1810
9907
4953
2976
238
2271
870
3340
3193
3885
6108
1885
5161
5908
6338
8126
2014
8105
2192
7664
4422
1387
247
1691
1400
7408
7618
9548
3614
6762
4962
6836
5990
9393
7135
4186
7497
7845
4274
760
3984
958
4597
875
4848
8528
7732
734
7760
3752
7527
504
4687
7214
6860
7570
1030
9459
1002
1295
4979
6013
4899
16
4996
9052
1415
3732
3241
9026
7748
3980
8429
2246
9877
2437
280
5482
2786
597
878
1136
2874
5007
9935
9927
9560
9222
866
457
659
8485
7691
7501
2077
2297
9701
7654
5635
3431
768
8981
9080
7231
1216
1877
7611
5283
7845
9996
9498
6930
2439
3995
1460
7224
3219
9244
7808
2206
7095
1678
308
518
9705
1350
501
7512
8792
4012
9487
8286
6499
1770
7905
6007
4101
4418
1698
5471
1834
2748
796
1147
4104
2146
9430
641
1301
2603
8331
4325
436
965
1387
9518
7733
9777
4617
1055
8652
2416
7883
9435
45
8768
9137
1358
4132
9054
9396
494
5369
1108
8522
6146
5285
9084
6187
9254
1364
9726
4444
1061
5590
910
6163
6565
5076
8438
342
3548
1468
3002
825
4131
349
8044
1222
7812
4677
8943
2745
1598
1305
8991
5540
1846
2908
7095
8584
4361
6979
2439
2274
8163
6276
3100
7798
4455
7094
1555
8777
1967
8809
6534
2031
7333
6745
2007
6751
5765
3085
6399
9665
1714
4238
4122
1358
9186
5053
36
398
3060
5438
168
6485
8931
7064
6851
13
2241
8999
6543
9185
103
6896
6207
3974
6124
493
6571
8553
7988
9404
9739
2323
1457
719
8528
6823
281
1121
2025
3525
163
9714
9149
660
1498
1931
7245
2644
4625
6783
5970
8760
7186
1739
1628
2385
5511
9172
2477
2072
6598
3484
6326
1725
6794
4716
1674
7383
9271
796
3063
5995
8043
4244
4816
364
5577
3523
757
2814
7329
682
6324
3361
8726
2976
665
4127
8604
3121
6600
5497
2296
4141
614
1208
7268
7039
3934
9673
3099
2511
7717
8136
1431
4253
2906
6010
3970
9588
7474
8167
469
2778
4864
8158
5149
2099
3753
9093
3514
8284
3431
606
2823
4682
321
4812
5199
7527
1388
4634
7371
3088
9345
7366
5206
3936
2816
822
3749
8414
8217
5567
805
7090
2934
3804
4
7915
2007
9204
936
824
9595
8277
3169
2160
5018
8546
6675
4232
4860
7015
6111
5146
3725
6426
9087
7474
1849
7938
4405
5765
5365
9123
2400
8793
6475
9516
9155
826
2338
275
9419
8077
6566
8273
723
1380
7823
3045
1542
7921
8630
4792
9982
995
8841
4917
7883
1464
4015
1068
27
5746
