3305
3339
9910
7747
9394
9426
6568
8956
5361
7523
5819
601
1064
5633
3958
2932
5118
7381
684
4252
6850
1167
692
6238
1012
9274
6063
5362
2281
716
6174
9220
5601
395
5436
9822
1914
4873
2490
1066
2103
4193
8932
2669
4318
4181
4587
6173
9148
78
4494
3820
9008
6793
9887
981
8046
938
9775
1817
304
1763
658
8132
7944
2821
1256
4682
1463
7361
3413
5512
4351
8180
6471
9079
683
7087
9076
125
1827
7047
5345
2512
7238
8186
2341
1536
2867
5933
9074
1479
7039
6107
6588
1142
3437
4588
9399
4368
6895
2526
3815
7050
4027
5960
607
8762
6565
8357
8946
5987
4272
6713
7533
1622
6418
346
882
7987
4756
7742
1641
9774
4879
2972
8232
787
3953
7624
7080
3690
2991
6533
8931
7803
3061
2657
4678
2837
7974
2303
288
8733
3561
5212
1426
2518
733
8665
2243
1962
656
3334
5396
9794
9172
3336
4744
2210
2102
1509
9603
6027
9981
586
3194
8941
3983
9004
2708
532
7539
4155
2319
4386
9572
7996
6736
8732
9018
4608
8553
1247
38
793
9860
8191
1395
3887
8810
4480
5283
4998
8608
2325
6105
8468
4171
8230
5203
9598
300
3357
1937
9945
4637
1046
1135
6176
8493
9333
7825
5218
7786
3606
3380
6220
6409
3328
6159
9826
3070
4012
914
5454
8515
9695
4249
4311
8737
5341
4362
5793
5216
2056
8713
3137
9156
9914
3509
3160
7264
3606
1178
8060
5472
7191
2713
5405
606
6090
4382
7246
1306
1373
7886
7042
1124
2399
9365
2056
337
6524
4117
896
8752
7061
2499
8707
8779
4152
8781
1817
5719
3609
7241
971
6524
1789
3824
5685
2758
1251
1491
7021
466
3064
7621
8248
3802
6849
4163
2280
5783
8172
1097
2516
5603
6694
4380
5394
8704
8474
9052
4647
1976
4165
916
4780
1779
7199
6104
7015
1611
1222
2083
9322
1943
447
9902
8652
6650
3954
3291
5321
2038
5207
2472
8728
1770
9431
6308
6374
1487
8606
5945
8838
9285
4217
9825
9094
9366
3590
8392
5041
1650
6952
9469
1683
6540
42
3835
9934
7720
645
6876
6535
5245
2564
1354
3995
5645
1586
4047
8466
3666
170
3506
5453
1192
5485
396
6442
7160
9064
1216
627
2800
929
5123
7526
5351
4965
17
8289
3265
9518
4271
4760
5632
4953
743
1846
4583
448
6915
8400
530
9614
6409
3366
8846
9116
8834
462
635
4189
3532
3028
8231
5758
4001
1108
6911
7592
8308
2045
9266
8767
1573
4001
3057
9004
2034
1275
8288
6543
6597
251
9817
6148
5070
8837
8117
5720
7995
3232
9733
3059
6916
3362
1873
1366
3073
1269
289
7438
4161
9003
2769
9096
2570
4021
4807
5942
5107
9180
6123
3941
5444
3617
294
387
633
4143
7227
4940
3488
9844
6460
920
9261
4418
2137
5958
1026
8514
9375
6476
9388
1078
7614
7386
3789
6910
326
6380
4391
1563
3326
5365
9854
5759
580
2484
4474
1317
7590
518
2604
9081
4660
6059
5320
9986
5738
7094
4768
9823
9412
4042
1796
1857
1481
8199
5444
6329
5083
535
4568
2852
6894
5397
6087
1715
9122
4723
2767
667
7376
9017
6810
442
3439
5879
2565
1598
8385
301
7239
6759
6400
5794
5526
7371
9513
4238
5214
2411
6482
4596
1021
5897
541
1779
6350
5598
7235
9582
4616
4308
8024
9416
9606
255
5914
7196
6188
443
8991
7565
3392
1223
1704
8017
9380
3766
2274
9254
9261
9783
3057
9379
8513
5875
9712
1231
8196
377
2431
7604
9808
304
6790
5622
7530
9718
6798
2613
8961
7355
6064
6142
2010
2301
2755
1334
8116
8315
9160
705
2847
1636
4297
6372
8136
5771
397
554
4078
3562
120
6424
9033
7159
5222
8245
2868
3820
9934
6787
5585
7723
1792
2240
5275
6093
6392
2257
5173
4105
3471
8958
4969
2770
3016
4821
8261
8179
2593
8010
5574
3652
144
2942
3151
1575
7484
1693
7959
1621
3185
2146
7086
1770
6519
8692
4457
4794
7080
2236
7892
6518
2679
7442
9964
315
5249
6872
7170
5330
2365
9999
2427
1031
5724
7688
2567
1978
1166
1513
9665
5616
780
4512
3991
3854
9407
896
6447
6879
4742
9758
4558
6621
4942
1254
8672
1273
9576
3626
8075
5592
7775
2694
2387
9417
9607
3234
4050
3774
6150
8714
8348
2534
1786
7153
6345
9819
7312
7787
2599
5863
7014
6510
6331
9655
2081
8088
6133
6064
8492
5835
3129
7150
6971
1083
7390
3129
803
5147
5984
6819
3950
4587
2086
8314
3161
8994
1691
8994
3605
2211
8913
1458
1691
9809
1684
8995
5134
3627
5990
6661
8447
3684
3620
4267
996
1195
8872
4138
7190
6046
7607
3307
3142
2459
2874
6800
8423
5191
1052
3621
8366
8141
4351
9190
5333
4954
9227
4998
7866
5578
4170
860
4769
9393
3967
3433
8972
1084
8225
7512
8869
4515
5570
7592
5721
2394
8491
9054
7924
3841
7163
7710
4987
3226
3435
4205
1793
8577
1116
8567
6019
2643
6033
6136
7782
1016
4482
2723
9388
579
6438
4411
375
6925
7434
9958
9037
9460
3997
5664
2904
8902
7196
4150
9707
8244
1526
7252
4396
62
9070
615
8204
8413
6416
1174
2697
615
6334
6814
6827
7049
3408
5327
4194
8323
967
6921
7047
8839
9926
8598
1395
8755
5508
6297
9727
8830
1394
3794
2281
4913
379
8736
3544
3458
8631
6211
7577
6268
5079
5954
1599
7693
6568
3967
2568
5056
4181
1592
2463
1244
7390
4251
3690
6230
4487
2813
641
3997
8271
959
5303
9921
7375
9305
1439
8535
6128
8796
4233
4018
3117
8005
5863
560
8949
595
7296
1246
5587
9909
6422
9471
134
9202
2960
1771
7827
9198
380
5540
5880
715
4569
6152
9726
4123
4428
9217
9985
5099
1635
2231
8394
1359
9886
1478
5865
1835
7151
9224
310
5723
550
8207
7834
4525
2025
2523
1662
3367
2936
6359
1869
8238
3921
2850
475
17
134
1998
7407
4264
2429
4431
8777
3811
5237
5677
1595
1705
5263
6832
2253
7242
735
7391
74
5695
6461
1208
3821
8146
902
1018
4041
2784
7585
7943
21
8140
2260
7301
9198
7223
6961
8124
3259
8316
8572
1843
9891
7524
6876
9426
9057
3214
9027
9699
8565
9212
4765
1913
2889
6307
4283
6350
468
7215
3212
6067
7435
2922
9897
6997
2678
5780
2748
6637
2497
1856
8141
7868
5672
879
1307
8583
643
1466
5615
6988
6225
184
7349
2990
1784
701
4192
9132
8033
4379
6206
7814
7534
356
1765
7501
2529
2360
8879
7363
4970
4260
7579
2500
197
2298
4194
3678
4093
7899
6380
683
128
3413
9478
2304
7624
226
9099
8818
3409
6256
9418
3845
8584
1002
4896
5646
3039
3576
9886
5140
3135
6090
8480
3627
7029
7079
1831
5984
170
3049
8082
9031
6266
8076
8225
3810
8473
3942
9746
3643
7343
3983
8043
2662
4756
9503
8674
4600
7398
9080
7167
5235
8803
9564
3665
6181
3302
1812
1132
4867
5187
3420
3514
3622
539
3785
2980
6028
8473
3086
396
4152
3682
6562
3165
8903
9985
8461
8531
6168
1746
8089
1543
1573
517
8074
6694
5978
6949
3796
5969
6606
6828
7729
8248
2410
4765
7825
5171
7970
7322
8782
8936
8782
6105
4274
3560
2296
8627
5628
3513
4750
4263
3853
2540
8116
5692
6187
7809
4865
851
4789
482
9834
9496
7348
9358
8303
3682
8238
8027
4280
9020
6666
9665
521
9716
4765
6909
9825
7750
4336
7459
6797
3652
5397
2031
3955
9824
7518
5077
513
2553
5241
5821
470
6682
473
6270
4037
1145
4674
6285
8937
3794
522
5325
4471
7763
5410
7316
1540
1595
4924
574
3676
6883
7215
7431
3881
7477
8604
5156
1274
338
2054
2204
3799
1216
7851
1955
2230
2305
1195
2796
2823
7567
1696
4676
8153
578
8806
6726
3642
2518
6566
6751
8120
9696
5224
6273
4282
6234
3876
4976
3201
6578
2248
673
3282
325
9197
9247
7039
4632
9599
9305
9890
2037
8809
546
3526
4729
2311
3981
9893
354
6833
1644
4213
7488
4169
8752
7213
4273
2888
2876
2151
1719
6919
2294
2040
5462
9204
6725
4265
2748
7644
3037
5104
4984
9537
3797
1545
5818
4705
1597
2290
69
8452
8889
7021
6520
3438
1857
1366
1397
8932
4208
751
6193
9994
9568
3164
7570
1888
2943
7271
3553
6702
373
6547
4503
4296
9776
5858
1082
5940
5110
5405
3882
2824
8852
2125
5570
7499
6266
5767
3016
7383
8269
9392
4635
7055
4128
1102
1043
3126
671
7102
9610
5046
9038
7062
5987
5542
6344
6285
62
530
3330
8188
1494
1902
7108
5426
1265
2869
5253
9282
5229
7315
4149
7618
4012
9280
3772
7068
5908
1592
5202
1251
7728
6419
2641
434
2316
7530
4729
9738
970
2868
9091
7134
6352
6038
9396
6548
6364
8407
2726
6333
4957
2983
6555
707
8268
3140
398
8017
1830
4907
3385
1017
4873
7330
15
2274
3933
8487
650
9273
3409
3502
8621
9779
2556
6729
6547
1445
7723
4731
5793
5808
4239
6586
8166
1129
8717
2320
8420
2566
262
1933
3367
2669
2621
9994
9114
7777
7236
2040
8638
1721
820
7795
3852
6023
2024
7787
6957
9235
578
1876
1092
7256
28
9117
3722
4576
9791
9107
9629
2637
1475
6078
7427
6339
4567
8797
2588
3469
8220
1774
5647
1582
1866
8691
2310
2684
5187
2802
9530
5239
5402
4672
6028
1236
1717
6665
9527
9484
5954
96
9431
1847
5533
6449
9495
1804
2510
8849
6678
7239
1634
3821
5828
5663
6735
9361
2877
3672
6993
6562
2521
4394
6523
8742
95
8678
2286
2645
770
4348
8236
4017
5411
1879
3994
3105
7383
7934
5645
9423
7543
4867
2334
7393
2828
2772
6887
2561
1867
3487
8427
3080
1632
1250
7159
1525
8976
5479
3457
2730
95
3689
5337
475
2955
7457
9119
154
3155
1064
9008
2182
7775
1972
6020
3490
7064
1296
5706
6154
9972
2424
5744
1893
3275
9997
9996
9601
9138
6286
6569
3885
5726
4751
9521
7692
146
9597
665
3116
9726
6121
5850
9352
9551
4590
6953
322
1958
4884
7144
8729
7537
5803
8386
4441
9911
6686
8787
7648
4530
1493
8817
2455
9568
8183
5507
3820
4278
9869
7886
8385
3864
388
4464
2047
4828
5353
1476
3709
7733
8918
9034
7616
4317
1628
4832
9907
5977
2686
6342
2697
7932
7909
7302
9833
4560
9853
7525
7841
7313
5724
4818
609
3999
8401
4940
4705
1006
5486
6917
5325
8344
965
482
3788
5041
4455
899
476
5057
5472
6858
5000
1077
935
5978
8998
9651
3066
7673
9147
9972
6618
154
9144
4792
9459
5600
6835
1504
2760
4630
3301
3096
3230
7789
894
1772
3913
1412
4641
7233
1594
7027
622
7599
9407
9371
7973
6984
3442
3116
8409
9355
871
6057
1778
5136
86
7564
502
4134
6995
7064
5575
3940
570
9524
315
4924
765
2372
5196
184
5854
4817
5882
2702
5189
7745
4877
653
97
8219
8723
9689
3706
8804
7988
1934
6159
9452
9019
4068
1046
6184
8884
2130
7539
427
6367
4764
7378
1228
4701
4070
605
4520
7351
6243
2004
8046
4305
7628
7590
8479
5818
9979
6819
7042
3055
2067
437
6190
1732
1691
3055
7550
2063
8713
8311
1958
5229
5855
7499
2616
491
2251
4370
4277
1866
1063
3873
2941
5532
5753
21
1589
7123
9744
1042
5317
7639
5852
9116
8175
5308
8705
6712
8292
1239
7600
6220
2226
9994
4901
2681
4716
3386
4061
2842
4963
2165
4351
5454
4105
2230
838
1909
2141
5024
9953
6123
5163
9721
7796
9163
9873
3425
4868
8880
9873
5990
3435
8242
81
1114
4706
9867
343
5733
85
4819
1514
224
8105
9803
4310
5637
9359
2674
4266
9983
7119
7401
8067
6472
8161
4693
2675
3374
772
4081
854
4463
4006
3172
8302
1578
8859
8083
1987
17
1102
9116
1872
4879
5613
8452
8037
9508
8377
2968
7779
8634
5089
9846
8657
9534
8651
4427
196
868
527
6003
3703
1964
7317
6714
7390
8114
7222
475
8181
749
6355
9215
5286
8946
3339
2342
3909
7657
1398
2090
6353
3531
3528
586
9434
1583
7423
3771
9776
3721
739
9059
9229
3210
4699
6363
6550
7910
3695
1731
9641
4265
1171
9126
7773
4809
7426
7758
3861
5469
9803
5765
8357
5149
6011
1942
2629
3188
3707
9918
1070
2572
4693
8560
5699
2420
3293
9737
6268
401
1258
6133
2252
867
9474
3432
8200
1088
9539
8347
1825
8980
2988
414
560
4097
549
1836
8426
9596
3901
359
2097
7561
5626
1262
6231
4235
855
9691
1891
6553
5567
482
89
9592
7019
3691
1500
7245
6295
3757
7606
7642
8501
3697
9616
650
8892
1856
1233
3787
1387
3346
6411
5306
2180
8102
5210
902
4552
2098
4635
4237
7566
6691
1238
7849
7973
6975
7191
5409
4501
9057
6014
1614
3410
4297
7574
7244
5945
5588
4965
4499
7120
2279
8832
1208
1963
6406
3706
4776
329
8362
478
3086
1841
3081
7088
9607
3995
6416
7309
5206
8341
4897
518
8981
7911
9774
6493
7797
7684
861
3483
8726
8436
4722
4243
9009
8798
9784
2463
6497
4494
8779
7156
4325
1194
3172
292
7526
9131
344
4712
8815
5625
7942
148
3276
778
1988
8799
1260
7717
4972
1543
3056
930
1290
5848
3066
271
5205
4495
7275
8701
3936
5548
6667
1517
4714
3607
728
3942
9766
1579
4866
5810
5489
8578
2420
5879
1940
9872
1232
2859
8262
5459
3511
7361
4827
7228
832
5860
6046
2681
2975
2853
3313
4534
8957
4558
1029
8902
9036
9382
7168
9737
782
2526
1377
3434
8648
7884
8687
6826
778
5225
3070
6335
426
3055
7114
9562
2248
5570
1411
4277
7056
6933
361
4952
583
6992
128
9381
8907
4721
2844
7529
458
7876
6921
8401
1155
4727
3872
5409
5912
4908
2755
2502
3885
8389
2265
1047
8834
8633
3377
9823
7529
2740
7188
4143
8394
432
2350
2982
8598
8837
8424
8010
115
8808
1880
2127
6599
9040
6616
5349
2424
3418
9971
9535
5103
7688
7370
737
3764
6912
4973
1063
5268
8449
6651
3324
3460
6154
713
3849
313
7875
88
3493
2704
3978
7213
2605
2770
5355
4864
3033
7192
6266
965
1017
956
5347
6105
9235
5254
3496
7272
4346
910
3106
7222
8428
2343
7171
2210
8175
4991
4400
57
5011
2403
113
5237
1658
4867
7015
1543
2631
5514
5577
7582
594
1743
2664
861
5211
172
6432
9054
5105
1767
901
6106
5891
2220
8126
2368
821
2106
8787
9602
2022
163
7451
8819
5731
6086
2549
9056
3641
3774
5214
6413
6274
8960
2509
9544
9327
7030
4650
4462
9752
3058
5849
4259
2050
9811
120
6049
1122
7821
7950
4298
5523
3856
5704
2170
3850
5751
7605
7498
7487
7192
5682
4733
8459
7510
6242
9988
618
7557
1090
1125
6100
7580
3272
8904
7362
5882
1366
255
6231
13
2910
882
1036
6976
8566
7755
479
6317
6232
5840
4638
6553
5511
6522
3008
8624
4452
5879
1261
9331
3877
5729
5343
8717
1933
9813
8245
3252
4103
5348
8047
1816
9777
2502
3477
5470
33
6608
1917
9833
8017
5910
8313
7367
6203
8472
8962
7988
7380
7620
9708
5866
806
4034
2342
5871
2086
9690
7296
9104
1639
1670
6737
5290
7404
8636
7408
1908
9583
792
3414
1370
2279
4662
5283
3577
5108
6158
3233
6378
1534
3504
6080
319
2991
9573
8070
9970
1054
3330
5199
8890
300
1771
1657
7758
8060
9343
2255
3458
123
8430
6797
479
7328
4597
4633
7015
9668
9332
2332
6959
2161
9684
5619
776
8178
9278
3328
8437
1980
8666
9071
9761
9850
8891
4376
426
8293
3917
7028
1893
7151
1409
268
819
3320
4277
2962
5255
6397
176
5311
1784
6060
6198
1625
5542
2328
5850
9171
2767
1202
2771
4096
4126
7599
6100
6035
1452
7603
9137
1760
2914
606
1460
9579
3763
2097
3906
581
9842
6132
1820
111
7985
4763
5206
3431
6974
124
520
7358
5729
8995
4487
7049
4368
8463
2431
7466
8373
1534
7640
4081
5601
2664
9962
1064
3328
1851
4049
5540
3744
9007
9815
938
6872
6986
5916
9088
1605
5217
527
2886
3924
1028
6135
4601
403
7225
265
8330
8437
9242
6379
5109
3833
2056
7184
5443
2726
1076
2620
6760
8338
8441
7981
5122
4035
8516
6843
4331
1321
8615
8003
3137
2385
4165
9846
7837
8378
9816
202
8907
2332
7007
1441
8201
1029
6109
4580
7952
9923
355
7
6933
6787
7665
5025
5223
4564
3537
4228
6920
5191
7067
8648
6876
6435
3107
7657
1779
7694
3997
9659
1847
3745
4045
5227
805
2105
5397
7551
410
7359
5086
8795
5599
922
8648
4276
4645
8465
5075
3453
7904
1872
4306
1348
5811
1726
3257
7067
6551
1553
7687
7033
2735
3438
3173
9761
3453
8205
3375
263
7410
1235
3783
5518
1244
4236
9688
5540
9727
5686
4766
8248
9023
7991
8844
7909
4746
5779
71
9733
450
6073
7251
6096
8140
5004
3555
9207
6015
637
5634
9416
8744
8046
8908
98
7390
8090
764
5850
9115
8452
7222
7630
7901
2150
7262
4717
6549
7170
4069
290
904
6092
698
4322
8100
7177
4554
8272
9569
6
7029
9016
3430
3852
250
4781
9098
6456
6320
2156
8873
3920
8369
4933
2979
4431
924
2143
4166
3199
3251
9209
9944
363
7319
6896
7294
7753
5825
4472
1400
9225
4661
1202
2275
6879
8224
3550
4565
7304
6005
2658
8947
4146
5598
4907
3149
3981
6768
5775
9834
5828
3344
9466
865
3610
6590
2137
9164
7461
800
8406
6460
3221
4498
2573
293
7194
8351
5520
5678
6582
6445
8762
7370
7412
7160
9067
9809
8363
316
2762
5408
2448
3282
7439
6527
8385
392
2168
5054
2934
3511
2330
333
4950
9277
1103
2399
7010
287
6454
9173
6902
612
157
1442
8545
3981
8813
9966
5531
9751
9573
627
146
4584
4315
2546
4467
1164
9580
6344
6584
7517
5236
4558
3082
1924
7244
4014
3954
3441
1393
5249
5074
2356
5971
4490
1530
8404
1766
3534
3634
4417
5391
4414
7028
1507
6544
3730
3309
4106
8713
5479
1169
1304
2251
5713
9870
7155
2431
9575
4140
9466
4112
2021
4419
2453
4456
603
8638
1953
6555
8983
5000
3414
4131
8822
4383
400
8133
3552
4708
4615
4097
2217
1570
806
4859
2384
6846
2959
2779
5780
1617
6964
1695
6787
9327
1483
6911
8349
960
2770
9926
7677
1619
470
9368
836
4676
8166
8494
8284
598
5880
557
2748
2476
1088
7819
7985
4225
7181
565
1528
6953
7992
2495
1861
7553
9731
808
9239
9052
7230
9003
8589
3658
1720
2925
4303
8856
4258
6241
4415
8850
7938
406
9066
11
9908
5078
6995
7255
3712
7223
4771
5316
4297
2548
7507
3264
8107
9767
659
744
1733
8976
4355
3819
1740
2459
9517
9374
1083
6579
5571
514
8154
4495
3903
3395
8129
4084
4407
4358
5147
5616
4991
7305
5660
4921
9041
9692
6380
6812
4271
5885
5288
7807
1673
7451
6593
7458
8522
9253
4124
8938
933
2059
3667
3368
4598
2943
2336
8879
4609
9936
1270
9508
9135
7308
4284
9955
5235
5647
1145
9517
5910
3302
3668
2615
2251
2431
5625
504
4219
7227
5563
6155
3218
6542
1066
6627
5813
6617
1547
6045
9317
8452
9115
1727
5688
2182
7247
3223
1793
3948
7083
6069
550
3918
1432
8034
227
3998
5263
7755
7304
8011
159
5131
6462
2975
6005
7514
363
4968
2443
1780
9277
965
3979
8567
6646
7592
4153
9285
9645
9295
5950
4050
8711
3084
6479
5674
5889
2056
4349
3543
9845
4758
8591
5516
8255
9015
3305
3589
2818
4044
1093
5182
3846
4838
942
7626
9248
6532
9051
486
3028
8665
324
658
3265
7348
6043
2515
7900
4739
7013
2110
7050
6223
2796
4518
8402
5278
5848
663
163
5361
1471
7232
5235
153
249
9994
1723
4245
4464
3749
3668
7593
5071
7790
5856
4648
9206
8895
7413
7042
8250
2656
179
6131
4440
6733
5329
5348
328
5124
3270
8837
6976
923
9392
5290
5251
7229
9414
1018
1233
1076
9794
534
4747
4987
3932
7890
7957
773
1344
4769
9398
1539
1152
8128
5529
7435
7009
2316
3731
916
1233
3122
6020
960
831
8400
3957
8721
8581
2405
1979
1395
8170
8202
1905
4696
778
1484
3392
5619
6214
7355
4532
5538
1799
5180
2805
1431
1442
4133
708
7494
6933
782
7912
3419
2109
3002
3648
9169
6952
8885
3646
7770
3070
9997
9859
9544
6695
9604
1769
6064
3954
968
5840
7105
2421
5561
6887
9875
5729
6182
5017
7168
3423
6740
2408
3717
2282
6452
4612
3731
9138
9366
1128
94
5848
6478
5983
5983
2964
9871
8620
6836
1642
4649
6692
1574
2162
10
3959
3458
8508
4890
762
9683
3880
8193
3325
4541
8185
7477
9097
6389
7954
4867
1321
3416
2538
7418
5542
9402
3165
1626
5534
3456
6460
1337
4428
2637
3951
8239
6980
229
2722
5633
4042
3569
7737
6654
2060
4916
1056
3854
3960
6516
47
702
1947
9539
9144
8943
7487
7944
9438
5173
3230
5265
2124
7550
1646
5963
6088
7806
8990
3340
2272
7579
1205
9799
7204
3101
9745
3267
3084
8308
1374
3416
2169
2423
1395
8848
7208
532
269
8626
6860
6154
648
2612
7479
6364
9939
6731
8743
4874
1977
9332
278
7062
301
1987
4305
5199
9466
417
8583
1939
8894
7958
4215
7314
5705
3878
4775
2851
4235
62
5533
6683
7523
4964
8209
5822
3116
7677
9111
6374
2540
4964
6127
8560
4487
6768
84
6453
2955
3309
1832
9428
722
4271
1076
694
5780
614
3838
1268
6069
8336
4140
6959
6267
1896
2340
2362
1385
735
8849
8038
2223
8384
3104
8184
8797
9599
4936
930
6259
4935
2742
7369
2418
9286
8531
2485
4997
7524
9936
4265
5566
2395
2115
313
6313
3300
3618
2106
4529
9799
5147
9649
3575
9898
5767
2902
2193
6866
1573
9143
5385
2494
463
8285
7738
6303
3869
8637
4452
7947
6704
6340
467
2018
4052
7064
556
9882
7526
9206
2119
7829
4935
1427
5672
4148
9865
7461
2439
2718
2272
5207
7559
5060
1955
5730
9215
2830
4136
8740
5885
1506
8332
7239
8984
4079
8761
6333
7114
275
1806
5090
8658
186
9472
8416
5558
5729
3614
5997
4437
676
5622
6812
7121
4224
661
5042
3712
634
9044
3678
7330
3073
2869
5589
3012
8779
6481
607
5890
1794
5310
6560
2198
8143
8871
2044
760
5995
9987
445
6813
278
7160
5063
3637
4956
2153
2725
9828
2146
9178
7587
7408
5252
6427
7063
6845
5005
2815
2551
5319
2943
9226
1348
2181
2168
6257
9971
7180
6825
4714
5802
8166
5813
7976
4353
3908
1642
1519
8431
7695
679
6555
6939
2060
9044
383
15
3983
236
449
3149
6845
6212
4995
6836
8409
6474
8071
823
268
3461
9274
3469
4844
2286
7690
5489
6943
1745
1354
4155
6299
6720
1021
1859
6869
9892
1161
1144
4844
4981
5764
7024
416
4048
8792
541
1073
8352
9013
2683
9809
5312
7920
9063
7944
5259
1047
3551
7503
8111
2585
4638
9999
1888
559
1179
9841
62
1500
1279
1576
8830
1931
332
6107
6757
7141
3192
1361
5673
5146
3951
9294
5177
6757
6544
8270
606
575
8263
2535
9474
7087
844
2450
1599
1918
1730
9626
638
995
5634
648
2839
1894
3008
6514
2770
3399
6280
4110
9429
1440
3133
772
134
5837
1410
6813
3194
2629
3570
2900
719
4350
6322
9551
604
588
8743
8576
7574
354
1683
7225
9978
4779
276
1142
2902
4863
6693
5473
2501
4739
5019
4933
7999
5809
4938
1093
3484
3565
6357
2613
419
9748
7833
7183
4305
887
5532
2803
422
9663
8109
5823
7004
6598
1058
9056
6779
6798
2486
6991
3665
4528
6706
4403
2380
8724
8443
5458
2117
9526
6812
1362
4239
5433
7639
8771
5143
8759
1749
1857
9373
3278
9208
6118
1947
4353
4870
5981
608
7888
5157
5191
5349
8324
5922
14
808
7577
4689
3518
3166
9351
8782
4064
4330
764
5716
4557
659
7823
9123
3018
99
8055
1436
6966
8176
9102
6641
8631
2727
4562
2356
9044
7936
5791
2525
4391
4392
9416
655
8171
4727
1492
3677
1819
2671
5107
4486
3254
2172
9218
9148
3245
2985
530
6515
5510
6481
206
7848
7480
5625
3165
5603
3872
3751
7830
1652
2328
3651
2630
7316
2057
6900
2395
5570
6452
9154
2337
123
8767
3798
2442
1703
7786
5132
8478
1590
1516
4982
9131
1869
3900
964
5478
861
441
6012
3107
7771
5253
4149
2718
1018
935
4365
5121
5798
5705
5605
3543
6552
9531
6591
6936
4399
6865
6728
5656
2903
176
2983
5654
2588
4935
5693
7720
1902
8967
8863
4820
6980
4666
1675
7355
5381
5505
7254
3168
9880
1437
349
1645
3042
3488
6389
8022
1182
4274
8307
5669
1837
9346
9109
8143
8920
8433
8848
4269
2492
5960
2938
5674
6506
1217
1286
7063
3858
4915
6952
5522
8525
342
2270
9320
8340
5672
8870
4206
2022
1739
9759
7033
7893
3144
7891
7688
5752
5776
9936
624
2054
3589
8655
3777
7133
6242
7496
3016
3516
6621
7427
2826
5580
2050
5586
3757
6250
7793
3573
7773
391
742
4934
253
1320
3610
1695
9555
9797
4216
9012
4339
2166
45
4487
3448
7998
6997
5957
3515
341
2293
6889
4443
1803
7191
5830
4199
8145
4527
3098
6937
5582
6600
5872
3516
3894
9879
8520
1783
662
2139
7511
4677
6323
6039
4989
8128
844
8591
639
1596
1955
9090
4171
6096
7555
6966
7692
3795
5901
759
4431
8434
8006
4415
3391
3841
3341
9042
6102
8812
1474
1167
1075
9043
9259
4256
1877
5097
230
229
108
9886
8443
5327
7790
6762
5907
3884
3733
8519
2779
7314
3789
5534
4166
4294
3525
5160
174
4226
9238
580
2210
8256
9238
2076
7043
3488
3994
4991
2233
115
8324
4181
5689
8632
9312
9942
7574
8475
5375
8014
7478
5436
6336
4794
5094
39
1825
5915
9476
5815
7403
682
105
6878
4932
2041
133
377
4500
7931
3998
9576
3470
5816
3246
9015
3595
149
77
2298
4452
1481
5099
6207
3020
3713
47
1638
2376
4926
1115
4343
6334
5321
1137
203
918
6872
1078
7957
3861
3053
4015
2864
1649
1200
5778
157
6488
9444
4164
8018
9568
3967
3498
1418
230
6739
5941
4937
9284
966
336
7265
1670
6436
9315
1265
2098
1319
8417
7052
4395
4949
955
2817
2398
4945
4263
7365
9900
8461
9961
657
9568
2762
2393
4005
3833
8075
9531
1421
5222
5722
5215
5721
4110
8821
662
868
1463
1365
6542
4538
3460
2960
793
5495
3556
4056
3180
8163
8757
2978
17
9834
423
2238
1282
9879
5967
5987
4218
7453
4173
7515
3314
3692
4587
703
5301
4086
5734
4997
3304
9215
2914
6198
8051
8608
4611
1462
2304
8621
2872
3222
7971
5795
4481
6248
7054
4131
4578
2918
5348
6653
8041
508
2775
4789
8169
3726
4082
7899
3805
3848
8089
7632
4615
7373
6588
6185
8036
7970
4737
8930
7838
7776
2875
5545
1934
3177
1337
9389
4090
2934
805
8392
2340
8822
8981
5424
8380
8146
4491
1234
5657
2605
9977
2075
5503
1351
1490
1113
4762
1554
562
9666
7393
7151
9100
1367
1725
65
9783
4074
7887
4213
7832
5774
6341
9818
7907
9581
9605
3889
3969
1710
3481
4911
218
2899
1033
1309
6867
3483
3062
1546
7465
4596
5132
6282
1917
2946
3499
2764
8451
8103
4901
347
8049
3770
2207
9362
4568
2583
2511
6732
8314
9622
6494
9911
822
4199
6776
5136
1488
4882
2402
8083
71
5984
8315
8011
269
9807
5573
280
1455
5396
8580
2271
9867
6971
5250
6942
4607
6874
8831
4690
9118
5616
9026
6281
4060
1206
1864
6072
6515
9233
9850
3578
3656
8107
7013
4462
2034
5490
9425
6057
4506
6785
1129
4063
6580
538
9474
3626
9356
7930
6424
2785
1905
23
5478
1920
5845
1325
3361
2521
8000
9256
8105
9938
1949
8874
874
663
1335
620
1906
2693
1936
9889
6969
3681
5483
3424
6293
3364
9778
6825
8583
8805
444
1340
2045
2331
2354
4936
1952
2114
9949
3798
6477
1336
3033
9895
1953
9030
8986
7193
464
820
7662
1383
9714
1672
3909
4262
7598
4244
2855
3004
2682
3194
8404
5707
3658
7950
4866
7969
2621
5378
6832
8933
2826
3597
8122
7051
982
1239
5268
6072
4895
9756
3732
3715
5911
7726
7267
2028
4329
1995
3107
6697
9149
3043
48
2885
3383
2143
9888
973
7951
9413
1441
8344
7225
3357
5987
6411
6932
2988
5933
6109
8606
3123
2288
3888
538
4945
4313
1063
9695
5789
3205
4557
3434
5461
3731
3386
1768
5756
5469
9731
4442
9717
811
9748
1956
4739
6114
999
8197
7805
7271
7548
1845
3413
7140
7856
6628
5111
7217
9840
9847
7748
6708
2974
2636
8743
6818
8171
1802
8233
7521
3581
7739
2069
2423
7908
8536
9122
344
1782
9199
8814
7287
3377
9974
2378
8842
9092
6866
511
9010
5175
4768
6537
8806
5691
9459
572
3273
8608
7152
9765
1321
2864
2496
9524
8088
918
56
4413
1279
760
5920
8534
2138
7871
6748
3730
8736
9771
5032
5048
5977
4262
7700
308
9900
1867
1210
3431
940
6144
5124
9213
633
5167
182
8238
6601
3507
1432
6147
8803
8525
5777
8917
532
1482
7519
6497
219
2015
3689
6658
6742
3102
8704
2507
7991
6326
1899
6296
4784
3485
1515
9224
23
7432
6148
6559
8114
8905
6694
9983
9387
8239
4390
8428
7186
7472
5739
1261
1078
7870
716
2198
5667
6667
3925
2031
4265
199
4917
9209
8374
1926
5866
6440
8696
1262
1141
7213
4690
2459
2029
5030
6801
9777
8261
1375
551
1137
5730
8687
9025
5863
4674
4735
7455
7453
8490
9050
5541
1536
1732
7292
2984
5569
8787
1663
3738
7344
1996
6869
524
7440
3358
3210
1990
8974
175
89
9134
2258
5667
3619
878
9072
4735
7893
3196
5097
3945
3933
5998
9720
6254
8746
5535
9251
1122
4481
651
880
499
5654
783
3541
4260
2341
5201
9945
1309
3450
1834
506
9645
3219
6255
4335
5506
5752
1536
5504
4737
1268
6818
9118
3571
7362
5487
58
4521
1675
2283
340
5163
2127
5301
2943
6718
3149
5806
6760
4001
1639
2782
3011
7675
8827
1080
8178
6044
2707
5729
2264
8385
1085
8796
5842
1258
6002
7831
9418
1631
7389
2929
9726
8597
9763
3632
6080
1541
6267
3635
9919
6012
1622
3720
9469
2795
4387
6857
5553
2657
456
8995
3973
9484
5703
5806
2386
5881
8063
2261
5173
8109
4449
6078
5547
2767
4107
2694
3733
515
5787
6981
1207
3754
7883
5873
9826
671
4110
1875
1111
1458
6822
3662
7032
6473
6619
2340
1322
7053
4413
6980
8872
3623
216
4914
9375
275
8865
4044
309
969
474
6203
31
5112
8511
6630
8521
4486
4344
9090
2374
966
3914
1480
5182
8703
8154
9689
8341
1474
9926
3320
9576
5396
7863
7477
2126
8140
8988
38
8540
2750
8375
6300
5152
9919
7087
3428
6293
2425
965
3603
7257
5053
9363
9873
8015
2904
6039
935
3500
675
9015
4483
7842
933
6146
3792
9157
1233
7788
5386
8364
585
7009
944
4972
4846
4353
2361
5206
4011
1443
107
7395
5095
3432
4003
2009
1891
8878
9870
4865
1228
6925
6182
7315
3206
8994
8529
7439
9247
8563
2038
6846
159
9963
5147
2254
2262
7135
3086
1427
6963
6085
9509
2068
2379
1328
8633
769
2625
9616
4934
4015
6212
1999
4574
3091
2618
2478
608
3834
26
7863
2980
3199
260
9725
663
5459
448
9128
682
226
2391
7735
7081
3557
8413
8714
1483
9792
5412
4078
1695
6723
6212
7559
4233
1770
4252
6688
4223
9126
3592
4754
106
1341
2634
6955
1170
4958
7907
9575
9710
8224
836
1390
7399
8990
4944
5735
5979
2131
1338
1498
8906
3906
4340
7276
7789
7496
5921
7023
9169
2297
9458
8986
2006
9814
940
8788
6119
5898
3585
1700
2723
1916
313
6706
4886
7903
2520
5623
9426
3744
4937
6779
6448
6650
5851
685
8921
5838
1824
9625
3812
4062
7375
2297
403
8872
9938
5225
5624
6310
5543
127
3862
7455
810
2815
5876
9934
4014
7454
4860
2062
8460
3410
7302
788
4707
2047
2422
1503
9354
7408
9901
3929
691
6178
1919
7676
762
4783
9585
1485
3434
4688
1022
5423
598
5844
1416
6869
2990
2251
8387
6147
1317
2391
3700
7485
4160
2794
5083
837
1251
3526
824
1474
9653
6427
9404
4619
3119
1241
6410
6834
2317
6290
3497
6776
6602
9335
3029
7743
4869
8601
3937
2433
5041
8470
2557
9018
9397
8858
6287
4166
5465
8807
6818
6206
8390
1070
7173
9416
587
8216
8060
9192
4941
763
3928
7751
4598
7383
3768
2896
8694
6509
6016
9052
6706
9443
8526
9704
734
7758
4756
6653
5027
3978
5748
8285
6919
3386
2927
8753
8289
8562
2723
4628
9792
5967
5987
490
519
7914
6336
6896
5272
4902
3982
9823
1716
4137
4566
7973
7595
9622
479
4928
7270
155
9855
6569
2336
839
8374
9680
9061
9545
4649
7503
4257
7301
3693
3019
706
264
5158
2227
9700
5408
7623
1271
6847
3854
6231
6159
4529
1656
2774
8538
1173
1393
8552
7710
7957
6215
6990
8646
8737
9945
4523
6900
3433
521
5710
364
2357
9291
3275
984
7725
3403
555
1318
3028
9074
2763
1471
2302
3268
7712
4572
1772
2607
3749
5652
4444
6963
6493
3869
9776
989
7518
956
1498
6878
496
9863
8845
4604
2140
7874
5986
1313
8835
3498
5830
8511
3292
4127
8620
5343
1124
5436
381
6993
4820
9017
1068
1784
851
3227
6622
6446
2746
1952
9247
425
3663
8557
1640
1900
7865
6172
955
8251
417
6110
5526
5043
2365
1549
6251
3235
6301
3061
2694
5509
8493
5146
1895
3743
6281
799
8144
6506
173
7194
5824
5471
422
1284
4118
5816
6374
5095
3209
6810
7747
1683
2351
1370
9507
5737
3476
2887
273
8889
6984
5069
699
7239
5591
6211
8887
1268
2705
2589
7303
7775
469
7804
4194
4410
1249
1090
8360
400
3511
7810
6163
3068
2890
5904
4687
3549
9613
6661
4960
2719
1385
3859
5878
7661
7246
7477
6731
1069
5017
9622
8345
4637
6534
5711
5832
9785
4555
3295
318
7726
6782
14
3806
4612
5559
3452
7833
580
2132
6137
3830
5988
8170
3655
3149
2908
556
6830
9413
9878
8280
6536
9933
3384
991
4336
6681
3168
4500
3062
9099
7880
4074
7747
7831
8746
6246
8450
398
5101
6157
6082
9386
6970
9976
5094
4344
6611
3929
4059
383
5726
9359
2065
8430
6803
4656
6796
5533
523
5606
7525
5898
5200
3728
2884
9079
5856
134
8160
2008
6743
6664
5217
4666
426
7274
1797
9098
5833
6922
5498
6519
3375
9899
7810
2485
6117
9194
1143
9454
6225
7052
5539
3006
1466
8591
6792
6733
8780
8781
7563
8489
646
361
1763
2517
868
4590
3881
2284
1509
2977
9886
9766
961
9666
9689
4305
2355
2297
7460
5447
6889
1362
5763
6817
9479
9622
6522
9351
3579
4432
7134
8721
2204
6487
8008
327
3333
1473
5872
2740
3842
4056
1258
2657
3302
149
9525
3883
93
8318
4188
704
3456
2451
4671
6609
3544
3542
8851
779
1211
6992
1549
8462
7536
7255
9952
1394
2741
3455
7980
7306
7816
6022
7834
8488
6884
3256
4139
8901
8663
7679
8245
5108
1793
1708
8767
1973
5410
7215
939
7840
1239
9411
8863
26
9111
4476
1402
8617
5101
9799
7241
8083
3840
8930
5405
6888
1187
1996
5796
6915
5617
9160
5181
6213
541
1193
6074
351
6979
3309
4058
4679
2950
9250
2103
6552
4632
1637
2834
9829
5834
3667
9330
3485
4401
7391
8072
8866
5142
7138
241
7320
3008
7500
964
5508
7930
6942
2703
3468
9881
8296
1289
7250
7078
2551
5615
1986
5612
1593
5462
1309
7697
8315
962
2864
8350
3088
1350
6246
3529
9951
1963
4300
6310
7094
8864
820
9086
8990
9161
5513
9158
3657
5229
9899
2797
5174
3807
6181
7320
421
8175
1352
3650
8316
5996
132
9173
4924
8414
7832
7149
3742
8793
4221
8194
9175
223
5947
6789
7959
4076
3959
880
2215
2126
1353
5649
1672
9208
8827
8651
9538
5116
3779
2673
3527
1211
8319
9166
2476
8935
8821
6554
437
3069
2230
2099
1201
4480
8297
5431
6174
9423
8977
7963
1553
7192
4267
913
6287
2082
4582
5735
8346
9868
4419
496
1967
3079
8934
3870
2352
165
1702
1410
7265
3749
5591
9336
1505
92
6520
907
6478
9277
9725
4688
8134
7318
1392
4864
2126
2856
1772
4288
7709
1403
9761
1617
8582
3892
6816
2092
7025
7672
5332
917
6348
2836
9307
6378
638
730
5428
2662
4086
2243
9920
9934
5885
9365
9523
8137
9828
4849
5390
9864
7989
379
4944
3912
3575
2263
1122
4085
9568
2543
3180
6983
7946
4910
4144
4772
8422
3504
5156
5639
4983
8297
2589
5546
2243
1655
1691
2292
1924
8500
4260
833
9546
108
8168
7868
7627
8910
2327
3422
5358
8375
3254
5153
7984
2930
294
340
5418
1908
2256
1279
1366
2006
1637
3620
4398
8130
2645
6508
3396
6712
1799
6572
8849
2636
1633
6888
3525
9913
4574
880
455
2420
974
7611
4390
3925
6821
7541
2396
3069
9483
9783
8133
2416
131
6621
7299
173
9320
7572
414
205
6064
8196
4640
9838
7045
593
9569
8322
3928
2399
935
4799
1800
8324
7512
4846
874
6617
5125
4403
4888
2840
9250
4654
4704
1136
6284
815
3972
9064
1610
8653
6235
1972
6305
5914
9276
1432
8052
5634
4426
939
8366
3659
3946
1480
9430
1348
5106
5634
5171
5596
1048
2643
640
270
7183
8204
6817
9946
8487
5443
6340
8653
2243
6657
625
1455
5713
2391
8740
1477
9677
6553
7180
5763
2349
9138
6744
1865
4730
2746
4138
8080
4412
9591
5681
7188
9033
7432
7528
1165
6750
8927
870
4918
1100
7043
7472
4804
2112
1307
491
1113
3773
9610
4499
9198
6281
5045
7237
4516
1990
147
2527
7666
2877
4857
9692
1513
4575
1753
5219
5863
8558
8155
6991
471
7160
2522
6595
5123
7352
316
7243
7780
6289
2870
9325
8782
6310
5934
9336
3131
7229
1711
1126
7499
7788
4734
7744
9525
4095
5428
3058
9158
5112
9995
5748
2470
9542
3678
4912
8809
6568
2515
5765
3868
8604
1869
8799
2341
1787
7964
7411
3617
5656
3288
3129
9684
8544
6554
2761
6601
7097
5787
3052
1248
6477
1185
6295
7969
2369
9831
5878
116
5948
1492
6371
6965
8560
1965
672
6773
7442
6563
2591
2666
9709
8611
7195
6216
7222
2017
6670
8385
7930
5206
4538
2348
4343
8582
1148
4882
5052
6738
9284
414
4918
8915
4072
1483
8360
3787
3567
2726
7363
261
9159
6365
2310
1543
6812
2004
9625
5554
8766
8693
1417
7512
8293
8850
7915
1644
8096
2014
1451
1451
439
6736
8396
5264
3935
6575
9155
2420
4079
6700
2038
5204
7050
9668
2875
1625
4705
1450
8675
8803
4982
6640
6781
3694
6213
9482
5605
218
1238
6287
9092
3472
336
6755
5343
6077
5442
4253
839
5983
493
697
571
7056
5460
9286
8563
7164
7639
3666
1293
3504
590
8827
7763
7303
8722
2795
2710
8638
498
3046
6586
1491
6773
8516
3923
2057
7780
1716
1396
9383
9255
470
7102
4181
9020
3544
850
6193
9016
4414
5260
8814
9321
2937
1058
6618
2674
6323
8521
4295
9526
5803
6597
1133
423
7142
2089
6244
3932
3727
6579
8608
4295
589
1426
6088
2438
5901
4416
6780
8686
8421
5522
9340
7600
8697
2637
5590
4432
5454
3961
2569
5214
8515
4526
2138
6759
2113
3362
7836
6726
8473
538
1229
770
2280
9815
1556
4564
5775
283
9122
8625
8326
7868
3855
5400
6776
4856
2788
5348
8480
393
6730
6331
6950
8603
1775
6918
2532
166
1993
8962
3184
1096
7550
5564
9831
1339
8484
8893
933
6075
4565
9548
4099
253
6489
1142
1953
1763
1465
7144
3862
9077
4439
6181
3128
8256
5173
9593
2187
4070
5366
2502
8435
7813
1086
8662
103
6747
1375
2187
1492
4257
3528
6632
1872
7548
2842
4795
6193
6576
517
8706
879
7405
3260
4865
6275
3064
1313
5982
1701
3976
4404
8318
5058
7472
5905
443
6030
1084
6524
6525
6748
6869
5707
2853
4230
330
7310
2416
6533
1833
7020
1574
1215
2994
8793
6043
8152
7154
6457
3351
7099
1279
818
1395
2193
9446
4312
1786
4021
9440
1664
2250
1616
6558
7436
6978
6220
2601
9309
9725
869
9043
7801
6366
7147
9682
6161
8498
7752
1076
323
6545
9088
2978
5238
3496
9194
9866
3516
3972
8225
4716
6513
1597
115
1826
2135
9816
2329
247
9015
2867
7172
7725
5963
4059
4901
2128
9656
2117
2099
8921
6356
7887
8258
7650
6645
1736
2522
7615
3918
8611
6644
1742
6673
7500
9864
8130
2638
8147
811
1356
1484
1901
4138
4991
6751
9569
9987
7971
2505
2421
7349
7760
9374
3926
5592
9368
3810
6461
1727
848
1095
6026
1595
7032
1664
6867
4168
4362
3461
1304
9953
221
4071
769
3327
5564
1400
5856
6873
9393
4404
6892
1873
6252
1565
6170
9554
1157
6856
5909
8377
187
6150
3217
7907
2026
7017
6840
4725
7331
5585
8009
2572
3252
5358
4552
8811
9968
8719
5763
1466
1699
9120
5982
1231
9007
8664
7190
4099
9442
9732
611
9428
4834
3814
3133
1666
6981
3336
1703
5474
6947
4617
3673
4345
8653
7944
8224
4673
4853
488
4032
2465
3645
7442
1595
4052
4011
874
3366
6186
8846
9944
6603
448
1940
3237
1181
1617
2553
5389
3920
56
9880
2679
660
1191
3471
3820
2477
6081
3823
1270
5524
8802
1462
1246
4071
294
8271
5132
4834
5680
2959
498
9387
6502
6800
7949
7196
3350
3786
7569
2785
2849
8343
723
6650
2857
8863
1820
612
927
3002
9968
3273
7719
2138
1545
6665
179
6150
8249
2306
5640
3113
9578
2607
9299
6007
6245
4547
5137
914
404
9690
5860
356
4514
1868
9474
5794
9676
2051
9548
9006
9958
8754
1448
276
2792
8293
2059
6090
3951
8351
3103
5119
5887
2558
4348
6382
3033
1598
918
710
5939
3446
3357
3819
465
8555
2484
5319
6917
7414
8435
7357
4889
6891
8813
2021
4026
8586
3727
6570
2085
2601
9011
9125
2585
7976
1314
8666
1041
571
6065
6728
3850
6160
1078
4478
3555
9804
291
4654
9565
4615
7761
590
3781
687
6776
6950
8429
3934
2449
6045
6049
6894
8236
8644
8973
4823
6166
5770
1226
509
2688
2762
6190
2208
8236
8676
744
3123
5980
8430
3823
786
5781
9594
510
5325
7754
191
6893
8558
1182
6
4507
2779
2417
6135
6220
5621
5716
7377
913
9389
3960
1139
7427
5485
825
9574
2596
3370
7452
2316
7564
3255
1873
2291
5236
3058
6460
8811
4563
8227
9196
980
2123
937
2412
1358
1076
5667
5693
198
4277
1224
93
9369
3529
4731
3836
686
4675
7089
404
599
3900
9415
4285
3250
5167
2155
1007
1991
380
8052
6134
9387
3726
8580
9887
2332
1210
7447
3516
6295
7598
7806
6082
230
7566
1722
3347
5128
7212
4825
9622
2517
3803
2280
4341
4138
766
1666
9479
5747
6564
3479
2808
8506
1766
3699
3119
2047
5047
1225
5555
285
7318
1332
8589
4168
9452
8739
9206
1912
9396
8380
5701
422
9553
4189
1051
3581
5702
5330
8438
7576
2559
6918
9016
8809
1080
8251
4774
49
6756
5056
2704
7459
5352
3847
460
1530
9977
6836
3035
2217
4497
4841
1019
6246
1484
7709
7388
8353
2760
9289
64
3056
6278
4842
5923
219
3728
7266
629
2555
5950
1004
6973
1930
3383
1735
3676
2770
6490
2965
7634
4593
561
451
6858
7261
9659
8519
8515
1142
2882
4852
8764
298
7026
1292
9957
5368
1839
7604
71
1875
4298
7940
9719
8723
8708
1165
7295
8180
5392
3962
1806
3921
6310
7360
5979
820
517
2823
632
9931
5229
1748
2969
5942
9935
3120
2581
2416
4403
2668
850
5015
442
2653
5625
1127
1848
4033
5815
3619
8614
5600
4562
9034
7255
2007
567
6766
9405
5990
7037
8041
3258
8745
4952
1057
2169
2117
6497
4170
619
1500
5670
9086
7086
8641
9814
5499
6655
364
2689
1066
9814
6378
7447
476
752
3553
9710
4325
6679
5840
6036
6389
2504
9900
4720
1628
9194
3513
2672
8283
7806
3065
2939
8412
1989
4260
9994
9804
5941
862
1710
720
3683
8688
8479
1045
9734
6587
7559
6967
6142
9339
9844
3208
3411
2662
8026
3543
6205
8952
6579
4924
3581
6035
539
2618
2196
6749
293
4772
7345
1595
5711
5322
9487
2574
5326
1701
8206
3882
2811
5797
6278
2772
3055
6150
5040
2709
2184
257
4026
3832
5025
2336
8711
9852
5784
538
2516
7300
5518
5555
565
8683
81
5152
1319
5506
6763
3755
9054
335
2121
8052
2431
7855
719
2966
1938
9961
7431
1571
880
6926
9309
4377
3772
5440
4213
2218
3447
3866
8523
1047
5929
8538
5934
8829
2003
2129
6592
2461
3519
7185
2353
8373
6695
7725
4928
8971
3521
4131
1068
9642
969
3386
9331
1164
2109
3467
3104
3237
9976
2066
4785
216
6666
5355
1931
7312
9505
7675
2832
6823
2543
5061
2888
516
8196
3997
3636
6947
7404
7879
8571
6790
2504
3305
290
8715
8522
4432
8812
533
3525
1442
1506
4658
405
3832
5212
4858
8798
1439
3128
1526
6289
2476
5820
7846
3060
2231
2830
1284
380
4656
3599
9447
2718
1464
4508
6229
7160
2946
9312
3788
9675
3569
9844
4887
3564
6178
9108
915
8495
7223
9798
5999
2779
6745
2921
5119
3022
1415
1679
6476
8161
2244
7099
5607
1853
6450
8779
4762
6077
4832
4484
1777
447
9142
6536
1047
3143
8415
2068
5008
9302
5370
3685
9595
2331
9668
7006
3160
795
5538
4316
8075
8518
1012
2819
177
3581
7095
1100
3162
5390
6182
1237
1999
9846
5899
8296
3179
7547
5441
1645
3374
3733
2546
6129
7946
4211
8186
798
8798
6016
5275
5020
7620
6348
1484
4683
4941
3050
8228
9162
517
3741
4150
8220
1791
3939
3339
2648
1398
5735
6130
6237
201
9316
7494
2822
6031
9714
2533
7659
8192
689
9469
7637
9876
8423
8438
4494
3043
8351
8109
3010
2130
1447
9871
2396
6923
9822
5030
6111
438
5548
3644
6061
1506
148
2768
8022
81
5685
4970
1302
8286
8408
5775
4358
9861
6283
810
5613
9367
6965
2646
9222
8648
5520
6023
776
3250
4141
3019
8759
8579
5931
9224
7070
4964
5470
9185
4418
7819
3617
4820
6322
2463
5230
1856
4449
7118
9830
4103
367
2486
5834
4808
7234
8840
5780
6313
3940
5167
8633
2346
1361
8147
648
2655
4404
9935
8297
2715
997
8570
1627
3408
2543
9456
4766
4371
508
1445
6511
5587
4943
4587
731
2972
3188
2542
6633
9870
9825
9913
7212
5473
3591
3164
9464
8093
9199
2582
1465
3801
164
4789
926
5674
3350
6070
4305
5114
7938
341
2129
5745
8556
7670
6005
2668
3369
6278
228
9338
7106
6313
2455
3677
888
6585
5166
2516
8787
4976
6321
8959
3962
8754
2110
2634
5935
1509
7167
3452
2640
4785
6534
7955
5415
5894
4690
3088
8355
3849
1259
1897
8529
172
9108
2992
8979
1356
4150
8484
1171
5379
9126
3418
1335
5774
4365
3844
2661
3867
1827
2760
4101
4927
7114
487
5997
363
6387
7447
6929
103
6145
2177
2649
2982
6192
446
5963
9208
3235
3336
2820
3515
5388
4969
5532
2991
7373
4411
2330
5727
3497
5857
6713
2517
983
1435
1163
6890
6043
7532
7869
5760
5681
4636
8351
2846
6172
1878
1969
1850
8355
8278
1678
3796
4476
8597
3681
6833
6169
4771
5433
1773
3224
7133
8874
3184
8518
1444
592
7096
5162
7503
55
4720
6878
3775
1703
3980
5571
1886
2521
9433
5661
4529
1216
9776
5414
6794
6715
5421
998
5169
152
9894
1740
6740
1571
8753
2237
9987
144
3290
8063
3787
4192
7607
4902
975
9194
7001
3092
3302
665
347
4124
4361
9509
9429
8366
7657
7430
5785
2514
5046
7603
4441
5256
7949
9845
521
9987
153
1147
934
5980
6125
5054
5452
507
5197
9230
6327
2741
7056
3874
6174
9590
2104
6081
969
571
8910
1236
5534
9976
3366
41
5914
1914
5584
5044
7152
1173
6061
7942
1922
6950
9968
2556
4388
8613
2254
5134
6361
2484
3506
4350
625
4793
7609
1725
6519
9870
3708
6943
9454
588
9970
2508
8852
2760
4143
7610
807
5341
7409
4410
7299
4277
9587
110
4376
8612
1686
4306
4896
9601
6000
8039
6257
4388
7270
2752
1202
1715
7467
114
7565
5174
3432
6332
2005
4081
7129
1323
228
7601
5705
712
8896
5706
5749
9416
147
5725
1727
6912
5
8830
5419
7263
9544
309
9860
5443
3384
3583
5335
9373
6054
5493
2988
5063
2582
4620
7306
4098
5418
5513
49
4592
1233
5040
4567
9852
7475
4762
4013
6925
7608
1257
9075
2895
7733
2626
1878
2378
7022
8858
6523
4335
4412
8709
7322
5442
7309
9320
9261
4983
1409
9668
4010
8284
2586
9292
6389
5003
1681
6974
6738
1807
5497
7061
9464
3750
3727
1167
6058
5254
5879
9840
2221
2684
8521
4663
4520
9240
3449
868
5737
9543
4492
3221
4156
8522
8155
4997
7327
4113
8814
1874
5418
8311
5579
6877
5286
1146
50
3674
5413
1908
926
5353
8810
2838
4153
9653
4390
6624
163
3482
2256
2861
162
3113
4144
4062
7973
1812
9342
604
2639
3020
8937
4475
6873
7186
6659
9205
5631
648
2705
1625
2888
6150
5159
6705
1452
6045
7917
8309
2855
2196
5645
3594
8054
5955
3541
9516
8278
5501
9302
7485
4402
8268
3727
3289
7062
6765
7678
3253
4531
1017
2044
413
2728
7800
9528
7689
831
1804
2159
1968
5496
6393
1852
8975
4694
2932
5050
8848
7747
829
4857
1989
9557
4430
1055
5246
3239
2668
5965
9136
8218
2916
7737
9781
9800
5658
3569
9540
6181
7756
2715
2465
1711
4485
6705
1077
7920
3074
2555
8007
842
2450
6207
3633
6206
87
9104
3316
965
5151
8364
6808
1301
7517
6879
5311
8296
9960
6517
7549
8210
2777
2437
40
2860
9231
3107
2204
192
920
8242
8302
3665
3765
8153
4378
5708
3936
6592
317
4780
3041
4498
388
9415
1330
8157
3382
2193
2037
1517
101
286
1383
5738
649
4124
2462
3432
7308
1821
9343
4535
8174
8919
5449
8259
5744
996
3976
9958
4334
4984
7352
4783
7785
8902
5909
4725
7788
1192
1880
4866
5787
276
9912
8888
1648
5394
4475
3170
8849
3981
3973
7197
6872
4495
5261
4779
3494
9449
5509
6181
665
7167
966
4967
2370
7362
2727
8337
532
3679
3557
7050
1926
7001
2866
6353
6107
2798
96
9037
5339
1476
2407
2160
8178
6721
1317
53
6722
4947
3638
2364
7588
3999
6685
2862
6138
4038
2223
6033
8849
2732
4090
958
5054
6812
9564
8134
8905
8353
6690
9139
1549
4866
5584
549
7490
3449
1568
8953
2612
6331
2717
1442
5131
9052
8584
8370
6283
374
7681
428
3025
6147
5701
9269
2471
6150
3940
5694
6611
3459
1563
8740
1099
2709
2830
8353
1989
7816
9825
1551
9739
5075
1417
49
5812
7510
250
3399
7902
8886
201
4684
7035
7690
500
8338
2259
394
5552
4876
2357
4547
3403
4774
3907
9882
906
5932
4966
8259
4308
5088
7473
6411
5943
1566
5234
1997
3153
4915
9859
6105
6597
4873
5258
6336
609
818
9754
9366
6529
7051
9967
3614
2681
8673
5422
5608
4140
4996
2354
7841
7267
1948
8353
1291
4171
9076
926
7587
6904
7485
8584
5483
5240
7339
7582
245
9421
91
5454
6832
6342
8263
1046
3646
1337
8048
6827
8796
1510
53
5546
8830
1046
7893
215
2349
824
2519
2687
281
6572
652
7902
2368
5827
1359
3685
1027
3641
9648
9186
8319
2590
2205
3013
4186
2697
9565
7935
7002
1136
4961
6866
7048
9231
5655
4179
3271
8473
9900
746
3959
8606
629
1406
4565
2764
6030
5025
8467
2427
7089
3630
4305
1324
3131
3055
1124
2392
8715
5885
2398
1785
6508
4664
2711
7087
9625
5502
5582
6843
7243
3756
7427
4590
5039
4609
5159
320
9551
8571
9749
2308
3806
5703
4368
7993
3142
5060
3109
8652
4744
9261
3791
9064
4390
8428
3623
1691
5293
2972
9129
9658
5350
4390
2276
9206
3947
747
6518
4553
2463
7538
6067
8799
7095
7664
2101
311
459
8506
8537
8270
9275
8342
1160
2480
6249
7332
4773
651
4206
3713
5356
9139
857
2426
5386
3763
5685
3342
5039
4307
2715
7872
3785
9176
4257
3754
2891
8800
9765
9716
8185
5
2440
7385
4068
3916
2781
4567
6223
3813
8240
4871
7601
1515
8118
992
9243
9199
3652
4332
3299
2859
1536
4865
4134
6323
4587
8594
1123
6827
8975
627
8849
5814
2667
2911
4642
3355
3907
3096
5535
2847
5858
3601
8455
2355
3619
4762
2243
8325
3042
5360
8570
1561
1832
9062
4216
1484
87
7999
7800
9537
7252
6479
471
8294
5492
5243
3748
2126
5514
3152
1712
5016
7340
2836
9169
7179
5596
2076
8671
998
9181
9854
2385
539
7401
9559
8294
4166
3859
280
200
9255
219
5470
2883
4481
7011
8980
6805
2831
587
5696
2934
4120
4074
9347
9883
4234
1960
8813
3022
2002
4493
2159
9692
5651
5412
1982
9676
3534
256
24
1792
9906
1658
3991
2330
9858
5203
9801
4446
8255
243
2274
1063
8302
75
9736
274
8263
7256
611
4543
3584
426
1728
4591
4783
4578
8258
588
8388
569
2422
6638
4746
4896
9964
9344
7519
9655
6631
8388
5532
699
9486
4673
3400
7096
5248
8562
5521
9217
7322
5878
9487
2919
1559
6593
744
450
9535
5621
3542
2485
6660
506
8066
8766
8214
9008
3624
3015
2729
3278
1011
9188
5012
2056
5105
4198
900
3202
4782
8276
5124
2891
9417
3246
8861
9918
9324
2775
854
5674
846
8630
9122
6177
7408
2305
7861
2059
8611
6282
7436
4707
49
6802
4686
1176
3849
3466
6647
2025
8785
330
4600
4953
8745
2408
6146
5508
5185
1543
4308
2067
5674
3821
8325
9576
7346
9246
5497
128
7889
3406
4738
9587
1977
9498
7932
7345
1798
2170
1070
5157
6427
2529
9259
3666
4681
3732
2195
7106
4114
8515
6839
3081
7400
3827
1850
2502
2071
9031
3439
4651
4805
358
7631
9787
2072
4675
9141
5648
801
105
7772
6287
67
2015
9005
1100
2007
6161
488
6743
7052
9254
1496
9363
965
6357
8283
3329
5024
5398
4567
4038
7729
7295
836
1204
8947
2403
1468
8745
8573
9473
9944
9678
5438
9627
6114
7794
1236
5724
6680
5899
6702
1603
4457
607
1713
5541
1846
5837
4713
8341
5020
3543
326
1786
3178
9813
9371
6043
9793
6693
975
456
5399
8731
8050
6873
2484
2416
1547
7011
5624
1459
7023
1104
7231
7731
4848
7945
5893
4829
2651
9366
7167
3631
7203
1631
6780
1499
7987
2695
4902
716
5017
4604
1008
4762
2456
7030
4994
441
2486
490
8591
9409
7703
6589
8430
262
5548
7176
5533
3616
9494
8706
6562
4376
2941
7682
5064
9503
2759
5548
8014
6036
4404
6060
377
3453
4719
5692
2248
9771
8592
1122
4864
8448
4773
5511
926
2909
5235
7156
2766
7238
2504
2434
5859
2361
9767
2549
3961
5179
4057
7995
8647
9674
4833
9395
111
9031
3605
6083
292
9580
2787
9254
815
3632
8082
5920
4154
7762
7922
333
143
9626
3997
1737
5976
1996
7538
2054
4655
3368
451
5191
227
1104
7087
8626
8968
5102
1850
5769
3749
6547
4434
9370
2384
2699
5681
5240
9650
7424
8818
2062
2329
5905
703
8570
1177
9120
5122
3873
9310
2075
2648
420
3030
853
5433
3254
7910
5477
7265
5873
449
2649
2845
2600
6932
9090
7496
2081
5482
7813
9331
8313
447
1708
6799
7670
9812
982
2699
9787
8692
138
3184
2773
1710
4592
2902
3904
2448
6402
8494
8237
5559
9979
7325
5377
6787
937
5709
9562
6379
2447
1765
6146
2092
7633
1761
1554
325
1698
1002
342
9853
1560
2518
8095
8271
1048
6418
641
6160
4175
8723
6372
3870
323
6256
3903
3161
2484
4862
1548
5191
3479
9792
3427
4195
3649
3758
9238
6481
3105
8011
9152
4767
7735
4588
5656
4178
6751
4340
6195
6473
7942
7543
9024
7432
2770
9178
6234
7140
8070
4052
289
5859
2720
2356
5341
5380
6576
4011
9849
9221
3010
4985
3276
5054
8289
5916
1675
2429
1587
3208
1274
6736
9611
9040
5472
3036
1234
5043
4317
9559
3896
2763
8359
7419
7281
637
9719
6918
6426
5399
5553
4693
6121
6359
5568
4216
8001
8697
8438
3810
7994
5320
4014
5357
7722
2570
2663
8730
9313
9195
7596
4783
3487
7516
3038
4329
2686
1649
5588
9316
4740
267
6257
952
9400
5330
4888
588
5173
706
1509
3674
2475
767
2422
7943
6147
964
3016
6127
7700
8547
6925
9770
6856
1194
5518
7540
7237
1624
4647
6233
7407
1577
4369
9128
8823
6677
5567
4197
8631
1760
9694
2513
4915
82
9488
9708
9132
9966
9270
7051
4013
8171
9916
7903
4303
8805
599
4882
5298
967
4716
1215
8708
625
5133
1892
5749
576
7508
6870
320
814
5504
863
526
5248
4378
8438
4243
5106
3706
8783
435
7750
7426
9070
9416
2708
3379
5460
9982
9026
8245
4532
3653
3153
5866
120
335
5271
6654
117
9965
4699
4247
3999
1623
6934
1327
42
1293
499
8058
9319
2097
4245
4058
1756
9865
6041
8520
1514
3495
8142
6071
6343
10
8165
4352
7723
2355
6106
8990
1693
9556
3576
3299
9177
796
5807
6104
6296
5198
8545
9167
7768
9287
7108
5668
3325
3096
692
6084
9810
3709
4211
1011
5628
7953
9254
5961
1514
4295
4926
5919
6455
5946
3768
4577
4128
9662
346
2992
7183
6978
8704
4563
1158
9941
7831
6240
1370
3465
9278
7372
1347
4384
5309
9819
2039
2557
5058
1420
2
3
617
9431
1592
3067
8250
4948
5405
1048
9420
5171
1168
3675
9211
843
1323
6421
1603
2503
8914
4192
156
9793
5472
4902
7751
8679
1441
5973
9516
691
7250
7559
2043
9220
7561
1247
5705
8813
2926
2434
8100
6508
1800
4065
6208
8762
8882
6734
4318
6338
7136
1101
3637
1506
9798
1622
4814
2756
9210
1852
9039
393
2437
7641
8075
7376
3210
9693
5868
276
4653
763
3728
1631
2559
8318
1184
9844
5361
7613
5323
8086
7735
6869
3593
766
7486
9595
2176
2371
3066
1796
680
1873
9212
3811
2691
9200
2765
6169
9235
2486
7341
2019
8934
6994
7494
9621
6005
8057
5719
361
5828
9666
7598
5975
2618
1479
4784
7874
9098
1899
9248
1684
1428
9818
3041
9885
4731
813
2286
1271
5983
510
6506
6067
4113
6280
924
5928
1165
50
3504
6631
6968
7822
4615
2117
8952
2646
7800
8303
9017
2271
4366
5916
8776
7154
3860
1321
7612
5133
3700
9640
4944
6840
8392
4057
8111
8686
6898
8622
3731
3681
1371
3631
5512
8145
8701
979
7513
2609
4102
7386
7005
8622
7925
7249
7375
2154
868
4606
5432
522
9079
8787
6078
6587
3247
1977
2660
834
5448
3202
3509
9937
9586
1029
5675
7485
9863
8646
2864
5766
6690
7651
4851
4958
4844
2202
4506
1798
5842
2732
2836
5966
365
9009
7782
2928
5169
9831
1474
9952
9616
4937
3152
1531
