3150
7073
9624
3510
4665
668
7997
1093
6678
5303
8025
5567
2321
3841
4688
4048
2636
8539
6074
9205
315
8882
2255
5433
7507
1322
7033
279
5975
6178
3565
5800
4850
9539
5174
9615
4305
1617
7025
9444
1724
5802
3761
959
955
7893
2342
6797
9269
3951
7008
4814
4201
1763
9233
1164
7991
9477
6115
9597
683
7662
9532
1232
1482
7018
3906
8469
8219
5382
5485
7147
8799
2517
1199
7426
769
4196
241
4050
5005
8781
5028
3130
5949
6987
3439
7544
8432
4199
6135
6665
364
1086
7345
464
131
5834
6096
9742
498
5024
5729
4263
7202
6299
2158
9078
5563
9924
7714
5463
4205
8500
9320
9968
7279
9727
7536
393
9201
854
8889
9565
6645
8592
5558
6462
3013
8965
9928
1836
6066
7752
4124
4388
6849
8228
789
9107
925
1480
1291
5142
1641
96
8301
6629
9054
4328
3590
500
2140
7789
1278
7620
5771
3770
7665
8873
493
254
881
1013
3745
2775
5353
9643
7998
7368
9585
9127
7265
501
2076
3450
7893
5451
4214
535
9451
8504
2893
8199
3763
1534
6995
2042
1667
7897
101
4940
7184
2526
7442
956
8433
824
8309
9492
2627
885
6313
1982
7327
4235
984
4562
7393
1996
5651
8685
6447
2030
6249
9120
2458
1683
2824
828
5755
2652
4932
4729
245
3927
2181
5516
9705
5850
4881
7250
1053
772
8908
233
8323
9319
6294
666
284
8130
3100
1224
4738
9992
3972
7564
2969
444
4491
5554
1822
9947
1980
9305
8710
5078
2853
8059
4846
1115
1165
1032
1947
2961
373
3456
9161
7263
9039
976
1529
3664
7794
1003
672
5646
786
7290
7246
5423
2993
679
9031
5482
2301
428
1265
8634
6215
3366
3251
8321
8997
2358
2893
7327
3715
9786
6668
3891
4492
4536
6880
5892
8313
6330
183
1248
662
4094
8290
7103
7981
5589
4441
4866
4600
4916
7005
6863
2144
3195
6296
6503
1940
9470
9438
4244
3028
6749
2524
8690
812
8009
8672
9846
3508
5474
9036
1350
2260
5834
3763
5685
877
5080
8316
8658
3285
9119
9842
5551
3287
8335
5981
2683
2143
8226
3573
6843
2677
6955
5931
6231
5321
580
5562
3443
4590
6174
333
8288
4438
6142
8722
9392
1532
3755
25
9355
3271
8661
9204
1881
3380
174
264
8970
769
6915
5440
5514
7104
2289
7330
6998
4356
1162
6167
1590
702
3871
7882
4608
2624
2112
9117
3330
2569
3558
8509
8276
6644
9321
1478
1717
8178
8713
9044
8170
1456
4449
4880
5153
8045
4159
3740
8885
1424
798
1417
5973
6417
9558
6412
3176
6184
8658
845
8350
5055
9067
2812
4742
8218
3848
2118
560
9276
7451
5444
527
2527
9562
5547
8679
7012
1135
9987
7399
9250
7888
8948
7352
2823
3048
6908
4542
1417
8382
9128
1130
4251
3651
9179
2739
4570
6671
1254
1830
4709
4114
5915
9502
1709
9490
721
6385
6603
771
3625
7604
3088
7038
6128
9028
4563
742
8583
4430
2540
2388
1889
3306
2316
6747
8153
2601
6400
3131
9161
63
8392
5933
8945
9920
841
8412
9593
7784
6172
4301
9540
3182
6651
3932
2381
2456
4851
2881
1932
6375
7866
4610
6553
1599
4144
6053
6195
3242
8991
6141
2753
9112
5185
2955
222
9195
9411
6518
5890
2308
3923
1336
9855
6666
3051
4310
3721
9976
7225
1205
1478
9267
7913
8030
6622
1541
6549
4590
4678
3419
4665
7020
4190
2302
2993
8244
3307
2497
1796
8319
2930
6296
945
245
3520
7663
4797
3520
315
1522
1316
3706
249
2984
860
4995
6293
8299
3746
5340
7367
2517
6795
9199
2299
6689
2530
7355
9273
2117
8482
2506
7222
3596
8652
2848
2683
5764
8480
2701
7039
5330
5317
9802
764
5275
8227
5832
4644
8343
5695
1429
8608
5494
3126
59
9952
8979
2759
3977
3306
6454
9650
3025
9611
2230
2598
9269
4728
8339
970
1499
3261
7197
4749
4249
8984
9836
8673
2580
6178
6179
6432
3262
385
9971
5572
4399
7226
7551
5227
5779
3183
3433
4397
6997
1055
790
5632
8157
9138
7228
2909
8764
8463
5020
8546
6743
3229
5137
9189
1141
8128
6306
2110
8296
6044
334
2205
5719
9688
9914
9578
5335
2745
1094
8114
2984
8676
1
8163
7112
1180
3413
4372
1011
5537
4173
7078
7886
8149
229
9793
2677
9403
2536
4472
1686
7636
6839
2518
4799
19
5548
7064
363
8470
1154
8220
1644
9569
3128
1996
2928
3815
2829
6907
9723
6735
8200
7231
7895
2729
1465
6714
2674
4221
8442
4717
1804
870
8368
7718
9421
9024
4276
2181
100
9074
2397
9656
6452
5639
8804
6340
8045
5544
5952
6524
2341
2483
4735
6254
7385
7000
2851
9381
7976
8764
5139
8088
948
9432
1327
6119
188
1559
8518
5957
4735
9989
6268
6658
8201
1301
9262
5347
9390
8008
7677
1048
4941
4983
2183
5394
1563
7885
6033
8523
2492
4351
3660
1628
1578
3417
4895
4861
1648
1906
7422
2064
8039
7181
1782
4281
2514
2096
499
1448
2390
8308
2508
4565
7428
5104
345
3710
9624
6526
9327
4823
5143
7211
7138
6664
3756
2809
9105
5823
5751
4013
2309
4471
8214
843
9436
2461
2979
3718
9768
5629
3103
1457
4276
929
9054
3190
8053
8119
6625
4586
6661
9637
7956
4815
6615
2573
7856
5931
4928
2529
3303
8102
7824
9418
6490
7067
8697
8327
3335
619
5477
3326
9132
9057
5827
5855
2792
1729
8966
9339
1960
2902
6304
6596
6811
5140
8079
9809
2622
8549
3497
7394
1402
1311
888
1412
7145
5325
5034
3499
6190
2868
8205
1633
312
9830
7313
8615
3474
3292
9712
8133
4785
5580
8515
7429
1228
7925
503
9061
4403
516
1589
1942
46
8125
4826
8200
9719
4421
7570
6149
3529
7706
1152
3056
6425
3833
2523
4502
5964
4149
5012
3316
4111
7979
2959
6476
6195
3033
3546
9899
429
1136
4031
6658
674
6416
6190
8512
9873
8854
1310
3493
8450
570
417
7696
1197
1822
4590
1569
7709
4550
1389
273
6264
5963
3005
2482
1381
8523
2878
915
3003
8601
7110
7807
7192
3613
6881
7456
9590
9288
6468
8368
2177
3083
2015
2629
3418
5544
3912
9784
5066
4054
7995
3942
4304
8407
8261
6804
6917
2725
3677
5805
6490
5019
3808
428
8958
8674
7381
7719
6481
412
9225
5693
5888
6197
8672
2933
7759
4641
138
8638
4782
1378
9600
433
8444
8609
755
5143
6945
9302
4605
4449
5163
7145
6695
3992
1323
7755
3768
1986
5999
2030
3855
4825
7255
6585
3763
7172
3898
2140
9132
5961
7620
6920
9995
9735
6258
4493
373
9131
6556
7342
6212
9951
6924
3370
7656
1865
8349
8933
5230
8973
2880
8274
3532
4454
2360
1027
7157
7441
4005
4539
5013
2831
9185
5209
3695
5332
7144
8236
7819
896
132
8959
8466
2448
4038
2727
9941
1892
1718
6282
3802
2917
342
3519
9277
2171
8839
3008
9126
530
8375
8865
6805
4481
723
9938
855
97
8724
5292
8291
6788
3856
3160
5184
6172
7563
2755
3919
496
8121
5691
2628
5584
8720
1116
9769
8267
9387
2031
7265
9866
9301
2911
8654
4365
1899
9653
1474
1245
563
9540
251
1230
2832
4648
1823
4929
2761
9205
5704
3029
1668
5660
4095
9911
8757
6060
1836
7554
8990
3269
2251
6651
645
5899
2637
5164
8491
4829
7096
2498
2193
5266
1242
4224
3468
4230
5801
5327
2075
8282
104
9198
9075
2286
1127
3014
2084
5477
6628
8047
6821
8923
7072
9117
7675
2456
1779
3943
6241
7330
6571
5211
8566
2017
695
6862
1694
6153
5903
8495
8186
8278
1457
968
9464
8791
1017
7612
3384
1606
7737
6596
7613
663
9149
8098
1316
9134
7228
5776
827
3512
1980
8996
2361
1057
9290
713
3751
3833
288
8555
8848
5222
9205
7863
1591
1078
8592
789
8317
8411
4770
6453
3286
3808
637
1831
55
8395
1075
2561
6429
8614
8510
5727
6929
6950
6768
1106
9872
8240
4649
6080
557
5294
2675
5079
1868
9025
567
2982
6510
1970
189
5341
6790
685
5974
8417
905
9955
3725
994
3057
5405
8956
6597
8262
928
1764
1351
8526
2249
6613
7428
4133
4590
2952
689
7741
5121
8277
305
937
4739
6159
7509
5124
9057
6680
3858
1566
1169
3681
840
5467
2061
647
5506
8546
356
3963
8971
9165
9492
6815
584
7718
1329
9728
9486
5933
9857
3736
8406
7682
3129
4183
1283
9197
4226
5520
4803
9642
9555
6366
9596
342
3073
8410
6283
5253
2456
4034
4214
5388
1884
7487
6335
2535
1854
7048
1568
1431
6229
76
8987
3946
319
9700
7605
8215
4219
4684
7346
3210
3463
9979
5788
1037
8322
6607
4351
577
2658
1487
3804
8691
4318
4839
9177
3106
6094
5587
7957
3810
9478
1536
9273
1622
602
403
550
4832
504
9092
6669
9282
2321
9749
7520
1740
4260
180
919
4204
4474
8620
7156
4990
7870
5463
8198
6
3626
4632
8437
2314
384
9181
3239
7191
2112
9920
4963
2141
3067
8428
4300
5699
415
5717
1264
1793
762
3375
8710
3097
6461
3016
1389
7080
1177
95
172
14
5298
2557
4274
8370
8651
7197
9480
8337
4932
1062
3786
190
3910
4717
61
5326
447
7522
270
4702
7490
6628
8478
6084
5309
4442
1638
4049
6278
7526
320
4642
6161
8551
4664
9110
4428
6546
531
7101
8648
5993
374
3884
7470
4928
2286
2792
4371
744
2176
1879
850
4295
4616
9474
6279
5892
4908
1555
9948
4927
674
7018
5441
364
6608
1063
9628
6148
8813
9016
9263
9774
1562
2894
349
2159
432
4025
524
7526
9944
365
6519
8328
4102
7098
6289
5369
865
710
1211
998
158
4928
565
1421
8002
9814
5336
953
4622
2273
7472
7620
1578
8307
3296
8379
8161
1187
5206
533
2084
4210
6068
7930
8310
7673
7726
9876
3651
9588
9029
3361
1645
3736
1414
3694
4360
4639
231
1709
3787
1304
1840
6252
4183
5776
2875
9222
3437
2954
2407
2600
6850
180
4881
1789
6135
8894
8971
1146
7602
5384
6525
9615
2747
866
1075
1774
315
7711
9197
2626
1993
9940
7310
8710
1602
7489
9112
1665
3684
3052
173
7684
3783
7506
8082
3477
3025
5502
7886
8278
6490
217
7570
7003
3427
6158
6392
5500
3346
3925
2312
6595
3292
8515
453
864
9912
9540
4241
8439
2623
4518
7395
9351
8062
4303
8000
1518
2558
3027
1152
8909
5262
1643
7004
8406
3987
1905
3588
3094
9773
4543
2284
7909
6690
1192
2435
3398
8385
6171
7957
8714
4916
3921
8829
8671
6188
4473
5868
8173
1163
9516
6535
2790
111
2883
441
1671
9548
9027
6470
4573
720
8222
4275
6910
2211
6224
1231
2312
1792
1678
2889
7038
628
8750
2346
6469
5132
2047
648
684
958
5803
9353
2417
9456
9706
8052
7882
8767
5510
4327
4244
1078
6985
5546
7957
5625
580
9886
5901
3885
4481
3404
9515
7881
3979
2131
5396
4465
3456
2152
6616
5238
5560
9388
2298
8412
5516
1093
3663
355
8796
9406
3962
938
8517
5048
9061
6333
8037
1938
5439
4317
4640
701
6696
9814
4985
4512
7537
9300
7715
5077
2315
2543
5645
2468
3817
553
1785
6691
6965
2028
6587
3326
3937
2221
7917
929
806
8153
8453
79
1465
8845
6425
8727
3536
4754
4496
6315
8850
7448
9619
1443
2321
7713
106
8706
6950
1058
4049
4635
3425
845
3212
433
4980
2505
1659
1838
2942
8001
9547
3943
6993
2171
5475
3020
1205
3655
312
8966
9339
5108
6052
7175
9373
6100
6622
2269
4508
6689
9171
1604
8183
2091
5411
9185
1369
5762
9835
7843
7385
6735
5045
6429
108
6572
2419
6438
3253
5126
8533
3344
7507
1168
8371
2186
8202
2186
9920
3975
3305
8113
4717
7492
4155
3220
5316
1314
4034
3998
4939
5725
6932
2838
660
8162
6437
181
2566
1643
9059
5204
5497
2947
3269
7206
6259
404
8753
8349
9103
9937
7548
1027
1981
9950
6024
1682
3863
7110
8476
3825
6334
1071
9293
1529
1924
9761
2379
2619
9368
4265
995
7005
5270
6234
3628
6233
303
6969
566
6008
8232
3141
7092
611
8470
3368
6506
5807
3745
3836
5827
5331
1802
8114
4734
3991
5532
7425
5975
3894
6617
9264
7052
6964
746
7588
3050
8253
436
3566
3227
3984
8781
251
7327
6117
8583
4620
6217
5840
4971
495
537
2610
2879
3904
4319
8662
7886
1336
268
7256
2879
8844
5566
9571
6356
4831
1329
4728
5248
7087
4006
561
3978
3875
1730
5683
9185
163
3327
8449
5997
6730
5516
5738
3343
9693
4441
7501
527
5679
6342
7914
9942
836
1628
7327
1538
1531
9196
9214
5002
6370
3180
3161
6817
761
7173
2423
2271
9207
5596
6609
7184
1823
2785
289
1329
9305
6681
2170
521
7423
8656
1267
8591
6890
6547
4953
3701
9687
3843
5739
3219
8263
6003
3730
1910
5338
6066
6612
6910
8158
594
8077
8476
1228
1394
6
4966
2038
3066
9536
3778
4938
3375
4273
5933
1848
4832
7119
1837
4684
8362
3524
9444
5735
4955
3836
2967
6434
221
743
4147
5328
4592
6048
7797
4719
4931
7800
9089
8990
8127
2365
9818
6162
6218
3166
1394
8086
4726
2872
9215
6996
6180
4242
707
4192
2291
2397
2206
4887
5201
1376
3752
9773
3368
1196
4857
6130
7563
9542
9945
8580
1559
1150
3211
732
8788
8246
984
3318
4189
5359
651
1478
6864
3899
1535
7443
7384
6178
4696
9216
7624
3538
6569
4241
5060
4033
34
5612
781
2709
970
1849
2039
1074
2251
4455
1293
5594
5861
7801
6158
7221
1794
8494
704
761
9856
4570
1762
9805
3889
3100
5842
996
7800
480
2025
6171
9176
443
7611
4797
239
2709
1715
3395
6107
1196
3596
9844
4109
4935
1844
9107
4304
7585
8636
2240
9366
8729
5954
784
2853
386
9546
6119
8648
6658
3736
8040
2132
2681
885
9095
8160
3794
5178
9076
1478
1822
976
6276
2225
1619
2525
2506
2006
7221
5415
8640
6665
6184
3178
8991
4727
185
1104
3909
8810
7090
6260
4933
6128
10
2352
3768
5792
9675
8776
7088
4260
9447
7610
1432
1997
9285
3797
5725
4414
8564
4824
4207
8637
1026
4292
1679
3981
1801
3786
7419
7793
510
8020
2649
2949
6517
1548
121
801
7960
4829
1178
4967
9965
2419
6338
3110
5747
2986
7332
6362
6335
85
1127
8245
3142
3122
7053
3384
9951
4498
4460
5431
201
971
6935
3072
2561
5434
6142
5303
8592
3832
2570
8137
7932
9176
9642
2938
8681
9790
5769
4464
7385
4784
1089
4688
8290
9019
1692
7909
309
9527
8571
5579
337
8371
7110
9201
8019
958
8589
8591
1470
6231
9444
8937
488
7619
235
1919
1280
6135
8901
9568
823
4471
4312
5121
7174
3602
6824
5568
6450
958
9419
9909
6250
527
7798
5934
7804
8057
153
5766
628
1406
1343
44
9077
2060
4969
7865
3967
1522
114
1393
1851
2722
9982
2547
6039
6215
7675
1467
1088
3414
1732
179
5200
5850
7903
2444
2853
6346
3494
8504
7511
170
733
4700
5717
2473
2818
1620
9541
8045
7237
1762
8627
4524
5236
6810
2541
8136
717
2928
2925
1184
2704
7853
4443
3736
8241
7748
2820
7095
9833
7204
9729
7038
4410
2562
4234
2493
7237
7429
6182
3088
7237
6920
1386
9286
3572
535
4564
8580
2878
879
3654
5654
5464
5485
3238
6937
5385
2420
6209
9270
7362
6891
7669
62
4820
6074
7388
4900
9946
5485
3152
7656
2801
9879
9025
843
9093
2750
3798
9012
807
4056
2478
5831
5473
2374
5486
5955
7735
6165
6057
2065
8200
9999
4835
9854
9941
8219
5326
1128
8349
2504
9177
8802
5699
6654
9163
7871
8364
3664
3702
7985
7383
7438
4337
4710
611
8131
8240
4536
3194
2020
6035
8215
1194
7142
3260
2469
7595
7606
2197
9205
9257
2418
1556
4678
4068
7685
5957
644
8513
9255
1271
7449
6568
8643
7936
6038
1403
6160
2839
9469
728
9836
1889
5431
8311
8013
1721
4302
8845
1647
1351
2711
5378
3200
1394
8209
6203
9343
4205
170
3769
3969
7444
4713
3063
4190
4000
1932
1439
1956
5666
8676
1748
8805
7256
2342
4278
40
2639
8671
2040
3058
2874
8552
5311
3593
3229
8681
7810
520
2261
2572
3265
4812
3761
3337
4925
1944
3880
8601
4876
8269
7816
8568
4440
5801
1423
4959
7578
520
6629
5629
3862
5238
3550
2221
801
7424
8348
70
6961
1734
5837
8175
3385
1765
8232
6788
1514
1395
2018
6104
6019
4168
2446
220
1956
3733
9316
2031
8690
1663
6338
5930
9624
9307
4640
6516
219
2597
2068
1398
5270
8043
938
8943
5627
2712
7040
6954
1567
5519
5710
1591
9881
8887
2123
9529
3830
5366
9811
6420
3491
5175
7329
8884
2117
7395
3110
3210
2921
1320
4770
2260
173
8991
729
7476
1672
7358
9526
8489
3045
5618
9363
3681
8688
1286
6340
5715
6405
654
3689
7569
646
8371
3715
8499
2525
8929
7097
7594
8631
201
215
2
1496
3550
9137
9803
4667
1460
876
1254
8880
3478
2583
4031
8122
2936
1259
9632
2648
9042
3851
1168
6796
2602
7770
8804
4003
8643
8634
1293
6570
8025
6725
602
4444
7659
3811
2445
6762
6879
9117
4759
8956
975
9585
6564
8550
9840
204
8882
4538
2496
8519
6807
7293
6657
3420
23
8629
5710
9501
3400
8689
2057
6573
2168
7690
609
5187
6582
8446
9161
2003
549
1243
447
9837
2242
9318
6032
555
5242
5167
8348
4867
3853
9357
1761
6552
1836
138
623
7738
215
2766
8900
387
2240
8686
4702
2001
701
6238
9125
9456
7240
1257
8693
1994
9122
6087
7293
5065
220
8152
8864
8268
2031
6711
6578
4472
2909
6429
8017
5694
31
3467
8272
6259
1443
9155
1599
8358
8898
4456
8557
7039
6607
1315
6332
6027
1942
2502
1236
7672
1472
8757
5866
4164
6335
975
3065
9481
5525
8641
4937
5026
7894
8921
9166
9744
5734
8706
6809
2551
7178
5062
4467
1997
575
3772
1401
7220
2191
2862
7834
8142
6988
9959
911
5100
8240
4621
7238
3218
8377
4440
7726
2121
859
2043
1193
342
6785
6696
3661
250
1944
4331
8105
6190
3871
5911
4028
8341
3265
3270
8696
9215
5815
8694
6020
6391
778
7649
6144
9266
171
4217
5611
2613
89
5024
5471
5798
1089
9576
3516
5337
7449
8126
4208
5407
8090
3929
1305
5787
9589
1032
8150
5533
3343
2214
4473
5062
7940
9695
5168
8070
7126
2495
5485
3033
3634
255
5444
781
8865
9747
6936
8133
4680
6749
4377
8157
4283
4600
8136
3557
5691
4531
5900
3713
3654
6329
326
5767
2278
9269
5987
2239
1120
8711
1150
4292
2506
2218
6186
2678
3897
4139
389
3517
49
3303
9627
9837
7206
549
2374
7800
2132
7888
8143
3400
8457
2588
1692
3223
6804
8716
3638
6249
7456
666
9496
2871
426
3636
3834
6018
2940
6130
5465
3197
75
9012
6392
1280
9943
9061
5891
5139
7053
1741
6805
328
567
8732
7013
4227
3305
9804
449
4259
2822
6890
4261
8295
328
2753
8077
1519
6282
6157
8937
9327
6674
443
8965
7202
3785
6539
1702
7496
5598
8956
1086
9908
6347
1668
7457
6058
3611
2937
1377
3019
1067
7753
3708
6214
2601
9205
9854
1512
7076
5222
6963
3063
5558
8318
5850
1673
8640
2614
7120
8584
9689
3345
4810
4763
374
2769
3166
8348
564
161
910
4637
3201
6032
5371
2933
8638
480
748
997
5069
3553
5300
4875
8755
8467
5916
1466
3167
2356
8809
8502
1929
3625
438
3976
3898
7275
1154
5230
7737
1579
1034
3508
2511
4689
7219
3345
6942
1860
7676
5620
1164
1163
2779
5644
8259
5071
7328
525
8245
9833
7961
3275
7436
5708
6851
781
1458
1327
9179
2166
8687
7971
6940
142
1975
9715
3196
2337
9862
2174
8722
7452
9843
9616
9992
2689
3837
5053
4862
6644
2046
1805
8694
729
7598
5906
9266
9151
2792
1585
1721
3980
7961
9558
4252
8732
1909
323
6292
1692
6943
9206
631
1170
178
1170
7966
2860
8987
36
1056
7565
521
159
3771
846
5234
1117
5840
6100
9058
8301
1354
2393
7225
7080
7194
1064
7996
4665
8834
3294
9352
848
5970
4994
428
4848
8912
7191
3900
1747
8968
7949
5993
5800
9516
4341
666
1210
8469
9485
6710
4373
8861
9188
2109
2665
1700
4512
8652
2962
3144
1613
2447
7397
2918
4343
2890
6950
1508
6238
8723
2797
7251
7705
2724
9359
5093
4205
3777
5960
1624
447
1989
8674
2365
7210
6431
6365
2675
149
6014
6457
9575
720
3196
8555
1779
1402
7937
1726
8642
6332
4609
3422
9728
2275
2277
8183
6089
398
7242
6666
3674
6394
7661
6001
9282
6794
8773
3116
6451
4463
8987
7737
9245
8280
5969
7494
1552
895
4298
2144
1149
2874
8638
8980
1759
4339
6752
581
2064
9904
6517
6352
4180
1750
3430
8878
7108
5284
3150
9897
5842
5761
5013
8892
7164
1094
7535
8897
8133
9219
9776
9809
9264
2890
6911
4949
6915
5796
951
9841
236
9333
9825
2334
2538
6796
5926
4860
871
8165
7893
689
3726
957
3221
129
1064
917
1526
3786
3420
6532
3957
2225
9749
1111
6767
9346
9620
9710
849
2986
5286
7195
5883
6010
8848
2323
5725
3793
1333
6718
576
6427
7814
3621
275
645
4890
5186
5892
1482
9015
5681
4898
9589
1157
3748
5543
8562
1761
8290
7639
8524
2370
8277
7833
5962
9974
9084
155
8219
6882
9802
88
1067
1737
8410
7230
6296
7959
3126
4815
5987
1732
5248
6539
9578
6412
9142
1165
6245
1197
2117
5242
7932
5574
9222
257
3040
5758
5147
6145
5883
5131
3071
9606
8308
9294
9271
9581
2941
9320
7157
841
2989
8394
557
8915
8355
1758
9916
613
3806
1976
9567
9207
9347
2957
9510
4915
5800
8255
2213
8606
1117
4198
297
6064
8651
5061
6222
8814
5448
1533
9219
1879
2115
1120
3783
1034
6960
8995
4579
4515
9149
4004
3651
3175
5089
6123
5202
2122
5316
709
4731
7316
5299
2609
386
5779
1468
8
7638
4950
3087
3020
366
3861
1349
2011
5014
4065
4263
8758
1138
8178
4821
7811
3567
5839
2828
4568
4199
6133
8628
9411
23
5102
4652
1718
4254
3069
8637
6792
40
5800
8148
7386
6075
2929
4864
1003
9048
9118
6616
9905
6986
2874
229
9430
527
9323
594
1202
9519
7890
7074
5313
2150
1580
4571
8793
3954
9142
4484
4549
8090
1999
1528
3325
6437
163
4198
167
7191
8773
4844
5390
7932
3312
945
4877
323
8880
4835
8183
8342
7751
7000
9393
945
3143
8209
2621
3859
1708
4835
4151
5407
3421
5874
5109
7670
2710
8037
243
5436
6858
1067
9345
61
797
7616
6793
1640
2044
1318
9635
4498
2521
9513
9528
2249
5220
6615
9540
6853
3778
2878
6907
1859
4511
3601
7459
2753
8782
118
4086
6430
4770
4396
9214
1008
1063
4351
5917
476
8941
6025
5638
3851
5628
2298
9091
9190
5078
1629
5698
1848
2252
9187
5845
4319
8051
2573
8919
7929
6012
8705
5496
4462
1840
9554
3156
5265
499
9819
5123
9054
4388
2047
1283
2423
7081
7698
1913
3997
2843
7370
1803
7151
2908
2098
7462
6803
1438
7871
7057
8126
9381
7268
7707
6061
6437
929
5411
2540
6110
2557
6704
6604
9701
5909
1676
8485
3881
6125
9323
1326
7753
4910
2438
8361
1051
2007
3656
475
4524
1633
4662
145
8867
5777
8983
1519
7181
7353
2127
8813
8198
9305
831
2870
4647
810
8895
6702
7606
6603
8207
6435
4860
8351
5096
1280
548
6436
223
5417
5474
6542
6142
416
8911
9840
1591
4332
5137
5216
3588
1446
6390
7267
3689
4452
7947
1571
4896
5132
8208
3207
161
4983
9454
8554
6057
3855
9707
6544
6916
285
9338
9278
7893
7283
673
8405
5073
6596
6060
8214
1274
5951
1471
3386
8394
5129
8769
4412
2255
8015
9982
5852
6068
6005
8437
8613
6406
6474
7363
741
1282
929
4915
1104
608
6523
6175
8906
7431
4717
3238
3545
5077
709
3255
3575
121
8473
7328
7956
52
9983
733
4
3315
1447
3320
2840
7549
6822
4372
6980
8080
8988
8364
7215
96
4021
6454
4901
466
9445
7886
3131
9102
2471
6501
4201
3548
3162
5226
1948
8805
8074
9928
2067
4012
4513
6894
2388
6533
7828
80
2163
8828
4973
8251
8774
1655
7306
9977
9272
8285
7673
2410
654
6729
4465
9074
6852
4429
3998
2392
3091
1133
5247
5025
1698
2226
8839
3193
8693
4544
5713
3001
3498
4805
6824
1515
3568
4083
3779
5816
1750
9235
9586
4600
5208
6684
74
456
861
4768
8978
8396
3923
5883
3125
3374
9564
9215
279
7551
9564
5677
6371
6196
620
1425
2050
158
1979
7391
5355
4637
4452
7912
8866
9283
1774
2373
8529
8501
371
9007
2428
7821
7083
6806
7026
3835
9093
823
6730
8949
1657
9503
1899
4956
7695
2739
1871
2812
1806
2904
5268
4133
1942
7919
1933
6152
4136
3800
5819
3900
2834
595
3683
1458
9185
9851
781
6323
5251
8866
2385
5800
1391
9140
5890
5134
7470
2177
3980
3581
1110
3140
1938
5189
5751
3998
9903
3348
1340
390
1805
9134
531
6863
8606
3959
5754
7740
4788
2557
2967
4609
463
9674
399
1769
1288
8763
8997
3456
6801
4804
4308
6517
4405
4822
9224
2774
1278
4978
8910
3833
2387
6827
28
9173
2662
7661
3529
7588
7382
437
7485
6443
9338
1247
5483
2846
986
9059
5722
776
8309
1992
4143
5123
8771
2856
2137
1714
350
669
3661
8234
4068
2627
7843
1485
5264
2572
9867
620
3398
6990
7030
6536
9341
740
983
2189
8303
8558
9997
3012
4051
1396
9424
2181
8504
5729
672
8632
257
2273
8010
1440
3611
9498
9453
3590
1525
5585
2474
4146
8930
7021
984
8129
695
6224
3936
1061
6590
3617
5294
9098
8409
5563
5336
5652
6614
6045
3716
9603
4427
1169
2199
2983
4858
5043
2727
6053
3641
3400
487
1440
2437
7385
47
5797
9148
6166
1949
3589
5543
7883
6511
6514
8954
4834
4778
9278
7479
2018
385
7039
2186
4650
8980
236
2074
7166
8075
2714
5022
429
8791
2852
3909
8806
6734
1446
6467
2551
1667
1947
4910
5828
8376
5332
6013
5903
2606
664
2862
7407
9040
7865
2787
2445
2966
8434
4542
9932
5451
7718
1032
6778
8656
8015
1886
803
9454
1099
9902
9275
1567
3245
8153
7294
8427
5590
8837
5167
9246
603
2751
4163
8816
7128
2895
3151
6962
224
3363
7507
9978
3750
9062
6098
4196
1071
6490
2448
5512
8274
59
7613
2478
1607
1505
6
9221
9745
6294
4908
4132
4520
3305
4871
8034
1076
5600
4002
2068
9088
9179
8196
2062
3934
5809
6726
1558
9132
5272
4801
710
7080
9128
7764
7057
9173
6984
5807
7006
9712
6101
1425
2486
509
6215
262
3249
3885
7311
251
9802
2856
3365
4829
9329
8663
9290
5034
1462
1819
9791
7305
6232
6726
474
6450
8968
6733
3394
7537
6262
633
4843
8315
5274
8491
5883
8835
5018
3552
6978
371
4552
8746
2798
6553
3540
9789
5089
4574
2830
7714
9061
4338
6304
9879
8422
3455
783
1401
5249
2877
3932
8310
9173
5559
7246
3227
8713
2462
9555
4972
8204
4489
5869
7270
8762
208
6764
5338
4599
771
6508
1313
7381
8176
1839
5229
8695
1726
9208
9919
6386
3530
7688
5650
7323
1175
5133
5256
2969
7173
5537
6431
6117
9784
7869
1354
3697
4760
9734
704
8678
5751
4590
3457
8335
6225
2657
129
1500
644
8956
2235
9930
2953
9777
1679
5635
5897
9830
8832
7517
1148
2228
6418
7990
8661
5290
9475
239
8576
4998
1398
4275
9992
8342
7389
4638
8987
3726
189
3021
7159
5981
7665
3286
952
4161
7260
597
8053
6755
2258
8461
9453
9399
9273
7832
6120
275
2024
6406
1223
8181
3818
3419
3230
7650
5845
96
8513
9153
3016
7126
4691
1152
2429
8423
6096
5414
2342
8524
4318
7826
7129
1358
9014
364
9561
4368
6897
9313
9376
8895
5673
8889
8275
2065
6238
1071
5923
3019
3861
2903
3826
5423
1836
854
8529
7483
4279
7911
228
8151
5210
1840
2034
5938
8109
6944
893
6720
5757
6389
8126
2012
3286
7704
4135
625
7767
9623
3070
4990
1827
9380
9519
7241
3586
1410
7088
4098
6696
5873
3303
1787
4629
7069
6521
7812
4994
6853
2428
9542
9848
2421
1454
8804
3988
9562
9816
1749
9051
9334
5299
4456
4497
1601
5799
3196
6503
1349
4720
4658
5897
9223
2291
4271
4834
2860
9552
9018
33
622
6987
5608
8308
427
270
9904
1939
8437
936
4149
3513
5556
998
7500
5151
7712
586
616
6278
932
6314
8373
7549
7624
9062
2940
506
5594
7664
7292
7
2775
9418
4568
9466
3383
6020
4750
5351
3083
9686
4194
8635
4960
6085
8230
4252
5082
1554
7523
8301
217
5672
5294
1931
7976
36
6935
5164
7236
5714
4979
3668
473
9010
4766
3968
9261
9217
4192
1663
1663
1323
9817
8164
3517
2989
3831
5890
515
7558
5443
5677
625
4835
9959
6321
261
690
8404
7363
9822
5117
1531
9611
104
4944
9684
5705
2394
3979
7769
1
8333
4704
8705
4682
7405
7919
1296
541
857
5021
7452
6134
2623
2983
2897
1336
3283
6128
6243
6011
7868
8560
4475
896
3851
4484
6738
3119
5932
7487
3951
7391
6396
2801
3716
8188
7875
631
5174
6762
4460
8131
4100
6831
6742
6164
5880
5512
5658
2241
2618
1373
8510
2591
4891
907
8265
5942
1406
5253
4368
8830
8088
9056
5712
5612
967
29
2239
5021
6933
5580
1410
7244
2876
5551
224
6889
822
9297
2037
6196
8727
5800
7224
2474
5920
5199
738
5915
51
8385
2091
9423
2597
9859
1727
106
5337
636
8168
6236
9801
2035
989
9960
3203
2627
1748
1097
6551
750
2651
1870
3857
9080
6963
5056
7104
4653
278
8686
3738
3565
5088
2234
7967
7229
6695
498
3191
3849
2637
9549
915
8115
980
380
8633
3007
6147
6138
5162
345
4836
4465
2751
2595
7853
959
6525
4200
7068
7615
9288
4020
8084
6727
3543
8461
7891
3404
6367
7581
9386
2005
8057
8206
8876
7730
1369
2338
4586
7048
1174
9185
2490
4134
1345
5503
8611
916
7829
7872
4994
1960
6184
7251
594
4814
7394
8236
1338
1336
6631
1248
6094
1347
1827
7285
7024
7031
6310
780
9619
2064
8363
8801
4877
1158
3646
5622
1919
1993
9383
2001
2240
8017
539
3761
8721
6672
1847
362
1966
9840
1038
7005
7956
9518
6954
707
1527
4058
2135
3935
8194
4840
5088
1267
8056
6943
2591
762
5798
4304
6263
7359
9961
8688
773
9737
6644
3077
7794
1352
2550
5476
5176
8119
8662
7637
1188
8000
5291
1091
8935
4976
5706
9607
942
6573
63
7104
9118
9097
9441
7894
4784
1100
3416
2511
3680
8374
1926
3945
7836
721
7328
397
3602
4626
6290
4277
2806
2282
7379
7697
239
1403
7631
792
946
2916
8356
962
902
3665
2073
7311
4545
9588
9252
7821
8439
6187
2088
4294
8437
9975
3881
5712
2058
8804
6438
6235
4822
3396
3705
1609
7360
1282
306
1044
9968
8998
8924
1427
253
6024
6832
7071
7781
8661
2549
4748
8194
2350
5920
1090
6749
7767
9294
593
627
1109
1383
7124
7796
823
4595
2404
258
9659
8867
5397
5776
8929
5991
2460
3191
4342
2832
5702
1760
9054
8483
7306
5421
4425
3246
1369
8986
9440
5115
8377
6889
2522
3442
6995
2994
8523
5533
3538
7395
2180
4337
5066
898
4919
7303
4302
988
9809
4403
3090
782
2762
9245
1170
9814
7073
1537
1517
2772
5819
2283
1567
1460
9045
7051
8737
349
7198
3970
167
1393
3183
9770
5493
81
607
4055
1572
9482
8097
5538
9554
3290
6438
8706
4129
3901
2572
5976
3308
8751
5868
7023
3307
6921
1094
6259
9972
3085
9907
9178
5508
3183
685
3678
4448
1749
1151
3445
1872
5586
7154
7687
6868
2889
1792
9055
9669
3410
2106
8489
5307
6328
5690
2103
9250
6725
4260
8879
2282
3789
3651
8730
5455
8948
1550
2710
7079
6138
4518
5897
8337
5270
3592
3089
9806
6846
1067
1050
6755
7887
1431
3200
4525
9351
8419
473
6099
4970
6716
7768
955
1422
6767
5853
3312
685
8920
3962
5052
8433
5431
6252
3267
1190
800
4047
6302
7553
3971
5420
8233
6652
3623
988
2725
5118
889
7399
4458
1423
7271
2114
8529
1414
4306
3644
1217
6326
3677
2700
2469
1402
9047
4342
783
4071
4765
681
7356
9707
76
6547
6110
9037
8623
8641
2746
4227
9587
9510
522
5207
6625
6488
5469
7933
7154
3798
7586
4358
4240
2585
2806
7675
1405
7410
5718
9056
3889
8250
27
9111
2187
101
1788
1990
9018
7836
6215
288
8865
9423
2513
5594
3779
4239
7505
8187
1918
7124
413
6762
9418
8375
6944
8783
6043
818
4525
1585
110
9384
3937
1256
