19390 1827 
5
2
61
9
8
96
84
2
1
1
51
88
3
2
73
7
9
25
8
44
5
25
2
53
41
64
2
39
49
4
19
20
4
27
2
4
53
2
20
16
10
2
42
56
3
3
20
20
23
7
61
4
1
1
15
19
77
1
21
11
51
2
4
39
6
3
23
11
1
20
12
5
1
49
5
2
58
4
21
14
3
9
2
7
6
5
20
3
2
10
5
44
9
2
29
5
58
1
9
1
12
2
19
1
58
12
3
2
29
7
31
20
6
2
3
6
1
53
7
1
13
9
6
11
4
26
56
77
2
1
4
53
44
20
1
2
49
1
12
49
2
9
9
26
32
26
8
6
51
5
4
1
16
8
8
1
31
2
29
2
22
4
1
29
2
58
42
27
1
2
12
92
5
14
64
2
96
23
34
16
3
9
2
32
29
4
3
6
3
88
6
29
5
5
2
51
7
31
15
53
58
31
5
27
44
4
25
1
12
5
1
1
5
2
73
2
3
4
1
49
19
7
10
1
31
39
20
88
6
1
21
3
2
64
26
10
2
5
70
8
15
3
51
49
64
5
6
2
7
92
20
2
29
29
3
9
3
3
88
1
19
27
20
9
26
44
84
8
8
7
1
44
6
14
3
7
14
20
2
7
7
9
13
7
6
12
11
5
22
3
3
56
6
61
41
53
14
6
2
1
5
80
32
96
77
47
29
2
9
41
61
16
2
12
18
2
2
3
2
2
4
17
34
3
2
2
7
9
32
6
53
3
11
2
1
8
27
14
9
13
42
5
58
56
5
21
37
49
4
19
27
5
4
92
34
31
2
14
44
37
7
3
7
1
73
26
1
1
9
2
8
15
35
12
5
88
28
58
49
10
6
14
3
2
23
12
64
11
5
5
3
2
31
22
2
14
67
41
73
20
16
35
5
2
2
2
13
32
20
39
1
4
28
5
7
47
1
4
6
6
39
13
22
2
61
4
49
2
6
34
1
67
77
2
64
16
3
2
80
14
92
2
56
12
4
84
8
7
3
4
12
19
7
12
51
1
2
3
3
53
4
8
6
56
29
2
5
12
7
42
18
70
5
42
7
20
22
2
51
73
56
7
49
1
3
7
10
7
5
56
10
96
64
2
4
12
35
1
41
3
16
64
1
8
23
17
4
16
2
3
5
88
5
4
96
51
16
4
20
4
16
80
3
12
4
19
1
3
12
56
58
21
5
20
5
88
7
6
6
17
2
61
4
2
10
11
20
18
2
8
73
9
5
10
16
20
26
9
2
1
15
1
1
3
4
25
19
27
77
1
8
3
64
1
2
27
22
1
1
37
92
6
2
2
73
7
4
47
1
22
3
80
3
5
1
1
42
1
44
41
58
70
23
2
96
27
14
5
4
61
92
20
7
5
1
3
64
88
5
64
6
41
22
3
32
9
84
14
96
2
61
20
3
3
64
1
27
1
2
3
49
88
11
2
23
17
11
64
4
47
2
49
26
67
7
2
3
7
5
10
32
1
5
3
1
5
7
3
8
1
9
47
53
2
1
7
4
12
14
2
84
1
4
2
70
1
77
4
41
44
42
4
29
16
9
49
20
4
2
5
3
5
8
4
5
5
88
16
51
1
39
26
47
3
12
25
27
2
4
80
6
2
6
18
2
2
2
3
18
3
34
88
7
3
70
18
16
1
41
15
1
5
9
39
1
2
9
12
1
37
2
8
1
2
80
2
80
47
2
2
3
27
88
19
3
44
4
16
4
70
2
25
6
26
56
1
18
15
16
1
27
14
3
49
2
4
80
3
3
42
21
34
70
18
5
5
5
47
12
3
42
51
3
2
25
7
2
4
4
64
9
5
3
1
8
22
10
2
12
77
53
1
5
8
3
5
34
32
5
10
23
39
1
6
3
53
4
1
2
21
3
19
70
5
5
4
11
70
2
21
53
3
4
16
5
34
11
41
58
5
21
5
84
41
3
23
4
49
31
16
6
8
84
56
27
3
2
88
2
80
39
49
15
23
20
8
10
8
1
10
5
10
2
39
1
64
22
2
2
19
92
23
2
14
4
7
4
7
56
2
19
12
22
73
14
42
29
4
2
37
3
53
37
3
3
61
3
2
53
42
13
1
49
10
84
2
22
1
7
3
2
1
14
77
53
41
42
3
3
3
2
7
88
5
8
2
64
70
4
6
2
2
14
1
13
19
25
2
84
8
2
27
56
70
17
2
4
47
6
8
1
1
80
22
20
2
1
9
1
49
3
31
26
1
2
1
10
11
6
3
2
19
4
34
1
8
11
1
31
5
47
1
12
53
4
2
2
58
7
7
16
3
2
2
3
6
1
53
49
12
17
34
8
2
5
8
32
3
17
3
18
92
31
28
1
2
3
47
23
84
73
17
2
92
18
61
10
2
11
21
8
21
3
3
26
1
17
6
11
56
5
77
4
3
37
18
9
7
2
2
3
2
2
58
16
96
20
9
11
8
77
16
23
80
35
84
37
12
1
73
12
41
4
42
16
96
5
70
3
1
7
2
1
7
9
3
9
4
16
27
7
2
56
1
70
32
3
4
7
44
47
73
6
2
14
6
51
5
4
17
20
27
4
11
1
53
14
4
9
10
9
9
77
4
11
6
70
3
58
51
29
1
10
6
2
9
23
51
49
2
7
2
1
92
1
26
56
5
1
1
2
92
44
67
5
6
92
2
21
2
8
16
9
7
56
17
3
61
5
12
2
28
7
7
2
5
7
84
3
41
11
14
3
44
22
32
3
16
1
39
10
15
3
21
18
41
20
17
2
8
10
88
1
9
56
8
13
7
42
1
77
1
51
53
21
61
6
20
32
2
7
16
56
12
1
16
11
34
35
4
25
42
51
37
4
12
12
29
80
3
3
37
37
1
49
9
29
5
1
29
7
1
51
96
1
61
2
9
8
4
70
37
20
11
4
2
2
1
14
2
5
20
25
12
67
17
44
51
25
14
53
3
34
1
53
23
80
53
29
7
8
1
4
22
4
7
2
3
27
27
4
21
34
58
6
35
4
4
1
7
1
3
35
58
7
28
1
16
21
18
2
4
5
2
23
4
5
1
3
10
9
14
2
92
3
3
8
58
21
2
6
19
37
4
5
2
4
6
3
14
6
11
16
2
12
96
5
16
3
2
7
4
1
14
77
11
2
37
19
3
4
2
73
14
3
12
11
1
44
10
92
88
31
23
2
80
80
1
8
3
51
44
23
14
23
1
14
3
5
42
1
10
34
1
4
3
15
1
49
92
9
5
35
26
2
8
13
6
9
92
13
1
5
6
5
9
8
5
58
2
88
4
20
1
7
9
3
23
7
51
5
70
3
9
37
11
1
88
9
3
11
2
31
6
3
1
2
6
26
41
39
3
2
21
1
2
22
34
4
18
3
56
88
16
17
18
56
53
15
44
7
9
61
18
21
41
14
4
31
7
4
44
92
16
1
2
35
12
8
19
51
4
23
49
1
19
3
2
34
19
2
4
39
56
6
4
5
11
96
3
16
7
1
58
4
6
61
5
12
9
51
5
7
80
88
2
41
1
15
1
16
7
11
2
4
96
1
2
3
32
42
3
12
3
1
8
3
39
11
20
31
47
16
4
37
41
61
47
64
3
11
4
73
84
16
2
61
64
17
4
5
37
2
37
20
16
39
2
67
11
58
1
11
77
4
35
41
3
5
9
2
3
3
92
3
12
4
14
20
53
13
5
2
3
4
84
23
44
19
2
1
28
70
6
5
10
31
96
23
42
5
21
14
2
3
2
14
2
12
2
4
3
11
1
84
11
44
4
21
4
2
88
16
2
9
6
3
44
18
29
39
5
58
47
10
58
35
1
96
2
6
12
4
11
58
35
3
53
7
47
23
7
5
5
29
6
1
7
22
47
64
32
12
39
4
84
5
22
14
2
31
35
5
14
73
13
23
1
3
23
2
7
7
39
1
6
96
11
2
2
42
5
5
2
3
19
96
10
3
67
8
12
4
5
2
64
2
34
8
2
26
1
2
92
22
10
5
31
31
73
88
44
14
9
4
6
7
2
5
4
13
3
51
5
3
18
2
2
26
2
4
3
2
70
6
41
3
6
9
26
4
3
31
4
77
17
84
47
1
25
10
70
7
2
17
10
2
