13821 1262 
64
3
1
6
92
2
15
22
39
70
88
26
42
20
8
73
39
13
7
1
1
32
25
73
2
9
3
3
80
42
96
3
1
32
3
70
23
34
3
42
1
28
5
1
14
3
88
8
17
49
3
7
13
39
4
2
13
2
3
11
64
6
27
88
73
27
25
1
9
12
3
1
4
15
1
5
6
17
5
51
9
41
16
2
15
15
25
3
8
1
6
14
10
29
67
21
1
6
2
49
13
67
96
2
16
3
2
88
39
84
32
73
31
7
1
2
35
17
6
5
1
10
17
7
2
23
12
13
21
5
5
1
9
11
4
14
41
11
11
6
9
28
7
9
4
8
44
2
25
41
61
6
96
41
44
1
4
15
70
64
21
12
4
8
18
31
9
3
2
9
4
3
2
1
53
4
1
2
2
28
51
8
53
53
8
80
1
21
25
3
4
3
16
16
28
73
7
80
51
12
84
16
88
3
10
18
4
92
73
11
92
2
8
3
1
3
23
8
1
22
28
41
12
58
3
1
22
10
4
73
58
2
4
15
34
3
9
20
5
42
21
1
28
2
3
2
34
6
13
10
3
88
77
2
42
2
1
2
1
8
80
35
26
1
20
53
61
53
7
39
29
1
2
3
1
25
1
5
19
1
4
4
80
35
23
64
2
2
35
16
2
6
17
70
51
58
5
28
11
6
3
61
84
32
35
3
58
31
2
2
2
26
8
80
2
23
44
73
5
29
23
39
2
44
17
5
7
2
5
2
5
5
49
3
51
7
4
3
96
9
1
7
70
20
11
9
73
20
41
2
1
6
7
37
23
7
41
2
2
7
37
28
7
1
32
29
53
2
2
27
6
18
73
49
27
3
56
8
4
2
7
35
5
2
1
88
77
1
14
8
16
2
1
14
25
4
1
56
64
37
16
31
14
2
39
8
8
13
1
8
12
5
47
92
1
1
5
3
96
35
37
41
17
20
2
3
13
5
2
7
3
1
12
11
12
21
3
4
6
18
11
6
96
2
61
3
5
2
14
22
77
35
56
2
96
41
2
64
88
14
56
2
6
20
3
12
42
4
8
5
41
2
53
6
3
6
41
9
34
53
58
9
39
9
9
8
2
7
11
29
12
4
4
39
31
7
96
5
77
5
8
1
20
3
56
51
67
10
58
16
96
20
2
2
25
7
4
70
2
29
7
6
39
26
42
10
35
1
19
44
7
9
12
7
7
56
44
15
16
17
12
18
12
67
29
58
2
3
2
5
2
1
2
3
77
1
3
77
7
6
1
49
56
1
3
11
2
29
23
42
14
27
5
14
3
37
53
56
84
70
5
15
84
4
23
5
5
5
8
6
21
58
2
3
12
25
32
9
28
3
35
7
10
4
32
7
31
14
1
2
2
5
88
9
1
10
58
15
6
53
3
37
4
4
2
25
12
2
1
10
1
6
2
32
2
67
2
21
12
3
16
32
5
4
3
5
64
26
2
1
42
2
2
51
1
92
2
3
2
1
58
19
11
11
2
39
2
3
4
2
7
3
1
2
4
8
9
92
2
44
37
44
73
1
23
53
4
4
32
2
34
58
11
9
6
80
3
41
2
7
2
23
6
1
19
16
2
96
15
13
11
2
2
5
4
1
26
11
47
3
11
58
9
2
5
11
26
15
27
4
3
20
44
27
23
2
8
61
6
2
29
4
27
3
19
17
41
3
2
5
3
27
88
61
61
3
3
3
22
2
58
12
4
3
5
56
5
6
19
3
18
41
2
31
12
3
2
3
10
31
28
11
7
6
1
10
22
73
42
8
56
2
3
4
3
3
1
8
56
34
4
8
13
92
26
8
14
3
5
21
1
77
29
70
6
6
2
58
3
44
3
6
13
3
4
8
16
53
12
5
3
27
6
31
9
4
80
7
23
18
70
8
14
2
5
73
8
4
58
44
1
2
3
1
14
58
56
5
21
3
51
26
25
1
8
5
12
92
9
2
7
27
3
14
61
32
44
7
49
6
88
4
92
28
4
2
9
5
2
14
7
16
32
7
35
3
31
12
26
96
6
9
44
39
6
5
67
23
2
41
1
9
11
4
4
13
28
88
32
5
61
3
39
61
22
44
80
37
39
22
1
4
25
49
96
11
9
2
5
70
2
35
3
6
10
73
2
9
2
3
10
35
37
5
2
2
22
73
2
14
6
2
61
9
39
37
35
21
4
35
2
12
20
47
2
2
92
7
6
31
29
9
20
14
2
3
10
5
31
42
49
12
1
32
11
1
56
29
16
28
2
7
2
5
2
80
2
80
3
88
3
3
13
6
47
67
9
5
4
14
4
8
67
9
73
13
9
61
4
2
3
3
42
20
15
4
4
4
8
3
2
12
2
35
17
15
88
25
67
16
14
13
8
1
8
28
10
27
7
15
9
3
20
2
28
77
8
64
39
11
18
2
58
1
8
32
4
2
53
5
14
35
88
26
11
25
41
37
3
51
39
15
61
51
29
53
58
1
1
21
2
1
61
6
92
7
22
6
14
23
8
5
49
1
1
26
3
77
14
1
2
20
23
73
28
1
4
1
5
15
53
3
2
3
3
10
58
16
28
2
1
7
3
11
7
8
29
47
51
1
17
77
9
1
11
10
6
84
20
77
2
20
1
92
44
3
4
20
49
10
44
21
3
8
1
29
8
2
11
4
4
8
2
4
88
67
31
1
22
28
2
67
73
37
1
5
5
3
26
3
2
2
92
5
3
77
28
1
1
37
1
3
8
5
19
21
9
32
1
64
8
3
88
2
6
67
28
8
7
20
6
3
8
4
2
3
8
42
2
1
3
26
1
58
22
64
8
14
2
5
58
16
3
41
35
77
2
53
92
4
3
4
