500
62385154
61274584
92914941
37376776
39095101
52051264
43004762
63493867
74703655
42276742
56363956
21762394
68694686
48592882
60524905
97407993
82729152
80393322
28708984
81029087
86309763
87825621
84955809
19032826
50047801
44564625
86202749
29394571
30462429
97175375
35277061
87502309
60244722
97667073
88993639
69840214
52841344
32335379
50133479
13164679
68407084
58074253
20932834
79057436
92394555
10203039
97586926
99941051
67801029
97834984
94586218
20299402
84736720
76680735
14735275
43784714
30611495
85840947
41685474
31862822
80306116
66077649
53647112
24457790
74519963
19704617
72331550
15713203
87922650
31219699
58490612
89071462
48550758
54183532
25820409
39160567
84613209
30746273
68692412
85754807
67365134
60936252
34649925
67538344
95074976
71260991
70506733
94090413
63213796
22203196
24412591
71046310
88511546
74963161
16593974
97054942
27911722
62707635
62317809
64224379
56533949
49062803
39660819
25665887
54582653
78338635
58448320
42497898
37135308
86948808
25612229
75910851
59805811
66402364
45110648
82206174
41063866
31271167
42212709
28699236
82815533
61628800
26351406
33493185
61207108
73175557
27536451
90736790
28791224
18669814
65140135
25538297
10102777
43768993
62631160
80142328
87084389
21773818
60260280
95327124
15676386
28593319
70419720
90980628
22695600
80238583
63310300
86579459
56551348
32489146
73779671
55496298
89087464
46799820
57313767
24282007
56058533
59755465
72716967
20458119
75783291
75719502
78452991
23670183
83556611
79830153
35653667
11066402
71666779
77447091
24520424
53254176
81055682
85461016
77688611
30813509
76583335
41306206
10060497
59437614
45492981
78944636
32580667
43189493
59950488
31174928
15616749
70214103
44428393
30653914
92513646
15645785
93068661
36133601
17791846
94153471
81671220
71998791
52069075
73631071
79314679
67364641
46171245
11396879
90769766
90798302
22132170
97238721
97420841
34495210
62118092
43181736
90867946
50861216
52974409
48195404
36768526
64615658
72886512
92412232
16315658
74020554
33966858
26832349
85519138
47514059
91491911
64122223
80915361
81959103
76905931
88365855
77268990
17312509
15655712
24104965
29656421
44919350
72545057
85300473
80905489
94884251
99873076
86559787
66359639
34782151
24510001
56993085
42341492
17116003
82471512
83635045
55059229
98685608
23830135
83446011
53276452
33437884
61059987
63835665
16207279
13071594
92528942
75814419
31150005
28735645
51633090
78681988
11131561
34259756
22738596
54596406
42989687
40130752
89923039
90477554
31442832
54102416
68684100
52742764
38372313
46584436
45009864
93705894
18734591
25703158
53197297
95257100
17287649
18329833
91021199
68280098
85994039
50734372
31377231
69335796
58143956
70514921
70054263
50393141
27410315
17933094
49725722
65194544
91782613
65437732
65020267
72202354
55864856
14171047
11691035
77244793
30705457
11574518
25599929
71292600
20059964
34083076
83351620
80281978
87743149
91392161
80779149
50279803
36163297
52332804
52995391
27134262
75588567
78508447
90425418
97887409
27183110
49920406
24670743
68571232
73855138
44178485
36900335
35640475
72579264
97121144
64407782
94553959
74945289
32714085
22577457
30129981
38491373
10274706
98226119
67191478
44264714
85057513
22468464
62452606
48854370
81382658
50536043
59197192
94908849
39787630
29827387
72035418
74069512
51977068
74400100
75311153
39157481
73924421
61414319
61633530
80209045
88345338
77720778
95709579
52142743
56469175
73849835
52331171
64756356
63493666
82808115
99572212
49407746
89816270
46105424
10683882
43856214
93847618
67702831
78563138
71008924
21375423
99607281
22047479
14395896
21262192
13787848
47604098
92833502
51608869
13464340
14241044
53634496
93160153
66245161
67982450
79272146
66982286
93320625
73425222
36726486
86813727
23118286
17254202
24631312
64978822
11170670
14488816
43994107
75108350
90724549
33418485
75250028
16925566
79809641
10985866
20067912
24625141
30468866
71697638
44779302
11008403
32394939
78572864
44038518
89185603
33016358
79687357
87569383
87590463
44087233
78101795
94068305
74738621
22312757
86925848
65858380
18734664
17697831
31118996
72082172
36568875
65709815
24109525
49389015
72436876
92418781
56425255
28524267
48776352
58229225
38546919
27682820
11801333
83240353
37663286
35202521
29698603
68941178
30384026
69958610
45078292
96853586
72014234
94159624
29891603
31420809
10423236
42140527
99525603
26031896
18099378
15237766
45402689
30782538
43447294
22551328
25276717
91274467
62062611
88242640
87855857
17905393
55733404
63041280
73183105
21144106
13409589
