1000
68903843
45970430
91260104
30426813
52028447
42090912
33071732
20317763
75667880
49984828
87287006
92781695
49805650
46172147
15712578
24395766
96426125
63814333
60779407
76753850
10634052
57247836
84043783
10912881
74154655
23196234
74086733
44831857
84582249
56276598
14890668
66842610
28653649
90558343
16180500
67256564
36169251
36909959
15576823
31220427
46700393
54224273
10789242
60902758
86238715
79581503
25280903
66346494
96225761
86346778
59014429
11266587
31738571
23460762
48733451
60006877
70248772
35639471
82554411
89753489
64768100
49501469
34134731
10471283
63345882
71360406
57049456
32944323
82201852
69570310
58834269
89038342
84912494
44974807
10568151
84131105
33124300
49433506
71825446
81783239
58994561
44307788
98189666
92891373
37514617
18662087
69123355
14695194
20084700
82999546
33647410
38791158
94323333
59286932
94864415
82610707
78553595
77071035
31633887
96302632
93142628
97005324
84059735
58800090
42691533
39141372
84503166
66014458
32298307
30764984
76139015
81454397
64946832
15471127
18411724
70251907
76480124
28585599
44601780
27130605
78829965
64286724
92549277
50370735
99197204
54674091
26115720
16582650
43797054
32904183
62288996
83380874
51959645
84768789
92272970
38632337
15714173
87006110
48476880
39788894
37783502
27217044
63609134
83102556
28923558
15612883
70610320
95060348
94472691
24618576
68786319
79071996
15981934
82982493
63522311
98956115
98227273
21319497
72537914
95776081
68651619
92688534
96496929
97583396
90795993
13554467
66403421
36958661
76289995
73335617
99575692
45191795
33170299
37309173
28106228
72484943
70155408
43058880
89845909
38807129
82801312
97143218
41724754
94817531
51392780
94355296
22895060
32964281
24816815
69118231
51471082
98464691
78851188
70784885
11680504
26419469
39594655
95066168
53830091
12341755
43566839
92500572
16390193
67423883
91778480
72602017
74120834
74249745
83526062
95194705
82609818
61561753
21081331
72255656
65952879
24745707
19110271
42641993
63417715
49672508
78893785
79389295
56795757
58098747
82610222
81197465
79710766
94855771
44217866
30644044
74893054
71339386
89847623
66735665
87067834
33739036
36028787
48800481
25638365
33852276
81493993
10215879
94258458
94107988
73068296
21594495
30877353
38309128
94476227
15049951
15542766
84838066
46130372
50175395
55106110
58468604
11720103
16809267
59444992
22988077
14940024
79405396
91301879
45982498
65746706
51117864
77703267
89580384
66489203
45584442
96868245
75256544
94752910
97799397
14865028
81574019
94811200
78645966
28766544
67208347
77627038
91525714
89714897
69709537
92010034
96403728
80828730
53498121
46097197
25221919
80681127
90385310
48952798
27997195
97905859
27744119
54427194
58334602
72806906
98506240
25427507
57255925
71569100
72865886
68133096
20505833
65835841
69657799
87516512
34553917
53681429
30705549
22839262
22500917
99373449
20035360
16694375
36401856
54787316
82857833
15077377
39004987
47372642
97729006
97353787
97870399
93655927
56892165
53350999
31315700
64241488
54024899
77335465
25270721
58163540
37567010
55450285
95155742
38846913
75119886
54562451
49704915
23622673
39483920
27409121
41046329
76111896
60760688
18311523
60543890
43884188
99920460
90847078
54125859
40204033
78952915
86059857
78496014
87246288
63812814
58369222
77692752
58143964
69078359
12021740
15484120
27408453
29492534
57331657
56721411
38927962
95003035
63814336
54588672
18990046
98437452
30531580
58909039
55208549
24073854
88752395
16357976
55055498
44872975
19907139
92385009
36473121
15044675
38531586
14303249
41865588
46621207
59298820
13238169
65286322
29223026
56912685
54645077
81656548
53790115
84629287
68605124
28710819
91148798
52575103
27930676
88201646
50615581
79046466
97057899
11845754
31488605
85539625
23885599
84658490
49632447
71905139
28245396
59267657
80053132
45762124
12898036
41694442
55390082
64488253
50201890
52551721
32860023
87533411
36663724
52036484
63449822
69016707
57976052
40205658
71794870
91829651
63291342
67306086
13362897
92876834
73316265
40105746
13557527
53716592
26237328
81250015
38667650
37317859
31282186
72408983
45955408
40276809
74080237
56351202
76046810
52972980
73325760
76318882
34977743
39748914
18899534
94523322
50167650
85402427
77157343
11826534
20412472
53208323
96613232
32677295
37134270
46716155
85235390
70577247
43309211
93935316
96589313
75916649
46499470
38366465
76000427
69976945
43712321
25153052
79026352
62256430
61569246
74866123
54410304
43289062
62297995
64811307
52086403
23801025
23372172
92084602
64251192
77602493
11151697
31031115
41943701
52239677
53702985
86772281
69938407
87034698
41459652
59662540
91713178
16023008
88798179
88321974
23815081
25350595
43062787
78503681
91156592
83395128
53466434
69716390
57233732
88037017
48998565
24390481
53875750
73956573
81515650
68507653
12516417
44763369
38762293
67971528
69296284
13707187
14743570
45293847
58456703
66627578
25522626
84531787
36836750
93540861
78005422
80851118
68958260
19393995
11943148
61057898
69500714
76792825
68307601
96793102
43709855
33899636
55020755
60827777
13781550
89631003
56629743
80225834
35534315
84668740
16078763
71985437
62926866
91357369
46464550
42425291
17164592
43674503
32836740
83780924
88813355
75170693
51494791
79547821
26712519
46965176
78713674
23989530
60312644
25466564
86403047
12119200
98813355
89626348
90124636
17885495
91977987
27051185
60701342
62944645
82353592
19839041
17121023
51811453
14283827
32585033
89453255
61398656
33709782
87977013
79455846
43430633
47147659
37110434
42820528
31913822
80761138
39585459
46890795
50164095
79976679
98880815
35713365
17846777
44118528
16932956
91216484
86114444
35284319
93895132
57884848
66873365
41656974
20033748
86841057
83893277
31338382
55817389
33366370
60083689
81657623
83193762
22333142
37103178
71009941
97942980
85739664
81183751
61901786
66292431
88283427
40766712
15888275
22164555
16384808
17007469
11110490
38451685
68970949
43476830
17289292
87609899
45794515
96841620
12905112
70740143
97008660
63667314
80701547
83755838
16332274
23085382
68067536
71320062
82773302
43733213
93274917
29924689
16297036
33283542
78326042
57358132
76752551
50204540
31583675
63928445
94872862
96410777
96978300
86551392
41147820
37735444
58191695
60441220
19386737
68083340
56484556
62856902
20396276
51987954
98730974
48633207
41583510
46818702
12660523
79048758
96393755
89104089
52052554
83292857
35608873
61490233
99207216
74991864
61755779
51593309
14397324
76456564
92472973
38729483
57182895
36773225
65130971
96323937
18737658
77883861
47513164
79662047
56471611
48831508
64539720
68008842
64707459
14230919
93644833
54890140
73095327
69661696
99901851
67699133
80092124
50188776
88226043
14679264
27174982
53712369
56676600
17350920
46302582
41061291
93772282
14714735
52457922
16639379
13003183
26347351
23246762
17239109
95516276
11905719
96296126
74344183
50689248
62012740
49466740
11378407
59010841
38452079
66400047
83374872
10395172
71764256
67483692
14556658
32417714
87574248
42558340
15138251
71722480
74693106
52272613
63179044
14379006
58018971
81895576
55315600
51373996
81651101
90042162
71677919
28991973
58588626
87021428
21074564
43851011
85683855
67396261
70917643
29375780
74395680
85002794
48148225
33964591
37730689
41008293
88597737
58718893
36262360
64341088
20038972
14299226
54634607
98613587
70782834
60157953
47457169
64879162
18842318
75221034
50867210
73284668
67678764
17643197
20553357
53657422
94256774
19269335
69480098
98438429
75294643
84533053
50742601
93087057
23427581
64130516
23370531
18687207
65899996
75401615
97111676
55211967
66057376
20048407
81827602
11242156
94003269
62225017
87333478
23916853
32818062
55481845
81541931
16568591
78186540
19539020
51243461
81359202
22760031
40612897
27101942
27242147
42855460
33109139
19564522
81356027
73633081
58391888
41184558
59267551
40881709
86930058
20504756
54805094
56081880
66588511
28811648
53153889
77133492
69607942
78978775
89940371
62043308
14826777
96109841
84810769
65056073
84218264
79920286
16801120
72764404
89172533
37651962
34583045
85673708
27364296
63344576
68153173
57821127
91760748
94042896
69999555
16143099
37709629
55545069
94171885
46464686
81087040
93413522
23015349
70006337
54701942
86968038
69657410
14777198
57326778
22300613
33470764
83809234
78121117
34623585
37293480
82003016
20063621
89395206
22101467
26805928
26139004
21945509
12508529
95347297
38872678
64027476
18001492
44014833
89665514
88756441
23804301
90673867
55053157
61733590
22958378
77023761
74511931
74334149
86062197
32944605
24811390
90177860
81250978
51162626
57822518
40650440
65194598
85806460
29726255
13176741
17658970
97814144
23168461
55786620
45429431
60183375
26087285
25237225
43803716
70132022
51190835
73106691
46516288
13067765
46678240
59063380
63983673
13455573
54500382
61140400
88485287
18744450
22393121
65134856
85921257
93227020
11111717
27453288
94401877
42456643
75634137
50786872
18691517
65562837
18346043
67430972
83904598
68224675
59273269
64179503
85804348
34433638
52425241
59645840
19470426
57824888
40357970
66525282
70826812
50906261
79905516
