12158 1117 
31
6
70
9
20
3
58
9
21
49
58
73
5
26
3
67
2
3
64
19
64
2
25
2
9
2
84
25
96
6
1
3
2
10
92
31
8
80
4
3
67
5
2
64
7
47
58
2
9
80
14
7
11
2
2
19
23
29
92
9
4
3
9
4
35
20
49
42
28
9
8
3
73
20
27
14
1
37
37
20
4
47
3
1
42
20
27
70
5
5
1
27
88
49
88
28
53
42
2
31
92
1
7
96
10
5
9
56
8
14
17
61
80
5
2
8
88
8
9
2
77
67
8
6
7
31
3
2
22
92
25
3
21
1
21
3
8
3
12
8
2
47
9
39
28
2
32
19
20
11
32
8
5
92
41
1
17
1
15
32
2
6
3
8
56
7
3
70
22
88
1
34
64
1
84
2
7
20
20
3
92
16
8
2
3
3
51
22
3
16
16
7
18
35
5
35
18
1
67
4
73
47
84
23
10
92
11
5
1
25
20
84
6
5
34
11
77
1
3
17
14
12
23
2
6
16
2
2
23
3
9
6
31
5
4
2
20
32
19
3
29
11
20
12
80
19
1
4
1
42
44
14
44
4
31
6
2
58
4
64
51
7
20
44
3
3
3
1
1
17
56
3
7
84
56
1
61
2
2
31
15
49
2
53
6
64
14
8
16
70
1
32
8
29
7
5
58
47
4
26
7
96
3
7
77
19
2
53
7
25
10
92
32
14
5
1
4
35
8
4
22
37
8
2
16
2
29
23
14
12
2
1
49
7
5
15
14
27
70
29
32
26
1
61
7
1
1
58
7
6
1
2
6
96
1
18
13
2
39
47
61
9
4
58
12
8
2
5
3
29
8
14
49
27
13
88
35
12
23
15
2
49
3
2
9
1
23
49
7
26
1
7
67
2
49
4
7
2
5
92
56
22
20
23
84
9
3
20
8
1
51
1
9
3
28
1
3
2
6
9
32
4
70
12
25
1
21
32
56
3
14
20
2
25
27
7
3
15
3
1
39
1
7
5
49
1
73
25
5
39
2
4
28
58
3
14
32
2
92
77
41
10
37
2
9
3
49
37
10
4
51
17
70
6
23
29
64
14
23
22
2
84
6
2
2
4
70
4
9
2
22
1
16
3
3
4
3
3
56
20
2
2
3
1
73
9
5
5
3
10
21
2
8
4
53
49
2
25
1
2
4
12
5
5
18
39
1
21
2
6
10
23
25
1
10
73
34
5
2
23
80
15
2
84
9
10
18
4
6
6
2
12
3
25
5
19
42
49
8
2
9
22
2
41
1
92
9
6
42
70
1
37
13
5
3
23
8
5
56
2
2
29
4
39
3
80
9
1
23
53
2
67
58
96
3
4
7
4
80
9
1
3
9
9
4
7
92
56
9
22
2
8
84
4
92
28
7
5
15
1
11
9
27
77
41
2
61
13
2
73
4
2
7
6
2
73
4
41
10
42
84
16
11
1
23
22
77
14
1
10
58
1
26
64
88
12
11
11
21
2
10
8
34
12
7
1
1
14
3
1
8
16
53
35
2
64
80
26
3
2
3
5
12
16
1
3
8
10
7
15
7
31
2
6
4
12
47
92
16
20
19
5
6
84
1
4
2
73
44
1
14
42
3
12
70
2
61
2
9
2
15
12
2
17
20
26
8
10
9
12
1
84
2
16
10
49
77
14
13
34
1
10
22
5
1
16
9
17
8
2
20
22
10
7
1
2
3
32
5
5
47
25
8
4
1
16
26
21
1
1
3
4
16
27
2
1
53
44
17
1
3
49
1
5
61
6
9
23
12
6
20
3
3
3
73
5
1
6
5
6
61
42
14
6
58
5
1
37
4
92
3
6
2
4
2
96
20
2
6
17
2
1
2
20
7
1
1
6
37
39
1
9
10
3
2
7
3
21
9
14
4
23
7
12
2
4
1
88
2
77
25
77
1
27
3
53
25
73
77
49
3
22
96
9
80
34
58
73
2
27
28
92
20
44
4
8
18
14
9
2
96
2
4
49
2
2
9
35
80
4
27
5
28
17
4
19
23
70
15
6
6
2
47
5
3
27
4
2
7
41
3
2
8
39
49
2
5
2
6
56
4
2
88
51
1
6
3
1
11
22
34
25
96
2
34
58
3
77
18
6
39
4
5
2
1
16
58
73
34
2
3
12
12
27
2
4
2
92
5
44
8
3
21
31
1
12
2
5
1
84
70
7
11
1
1
1
32
44
42
7
10
5
3
6
7
3
2
4
1
9
31
4
14
39
70
12
18
17
2
9
9
12
64
41
3
49
1
12
19
1
12
4
2
84
5
2
96
3
5
42
6
49
5
12
3
20
49
28
1
12
6
2
26
5
70
84
7
9
3
14
3
18
19
80
80
8
2
17
9
41
12
5
4
4
2
19
3
5
15
13
96
4
9
2
22
6
16
47
1
5
25
12
1
35
16
32
3
6
16
37
12
3
3
3
1
1
51
7
3
4
31
1
56
19
14
67
2
12
4
13
44
3
14
2
2
1
4
10
25
5
7
47
34
41
1
34
1
