1000 50
592
24
304
120
543
438
619
897
335
641
349
783
748
63
970
408
86
683
682
108
164
703
760
638
167
80
216
770
272
759
250
931
174
69
969
540
27
832
535
195
747
933
177
5
271
174
719
482
345
320
455
24
600
712
578
406
429
60
951
298
410
469
781
405
923
504
179
618
729
14
922
681
444
275
162
422
334
594
443
400
385
126
624
156
829
301
261
554
329
972
289
354
631
445
370
652
10
323
513
822
821
10
290
441
662
343
589
507
675
554
998
541
69
624
683
873
341
527
634
948
560
694
981
322
439
21
216
965
852
478
893
134
45
397
773
262
359
340
634
696
501
104
286
751
28
96
676
898
875
62
913
912
107
821
146
492
316
682
387
69
408
945
731
982
929
797
69
152
196
624
611
204
449
601
916
842
521
309
454
591
93
274
640
952
564
972
645
719
991
8
366
448
232
747
246
373
313
892
769
721
524
248
583
780
435
314
516
772
928
353
18
833
452
952
109
383
753
193
452
343
101
939
700
270
140
882
387
988
605
800
393
757
446
950
125
905
403
170
37
984
229
383
498
10
419
319
402
289
928
953
736
386
154
721
10
719
782
625
328
7
493
409
387
311
645
404
244
377
460
590
646
206
634
684
839
181
974
161
653
148
348
11
907
892
1000
157
982
349
390
70
998
600
104
406
369
855
902
991
743
796
276
244
778
441
502
163
610
512
136
885
865
70
494
803
473
116
516
935
867
476
318
493
409
733
383
607
20
206
958
21
261
471
563
285
101
577
302
201
679
375
635
391
426
817
485
175
905
477
682
861
759
929
232
650
101
749
421
900
245
157
700
372
988
536
488
570
584
944
131
345
884
318
479
482
523
406
347
145
501
752
26
696
443
910
554
295
154
991
140
853
190
304
316
337
413
666
571
204
175
801
127
665
517
366
17
250
408
675
220
814
730
758
8
403
823
476
277
491
942
565
179
35
326
758
510
720
772
545
67
802
184
951
113
529
774
980
979
499
379
683
883
22
347
906
792
688
486
73
297
34
415
891
16
821
19
873
256
730
487
462
888
312
142
36
64
820
656
338
957
382
962
412
189
151
505
324
139
68
533
889
614
851
480
607
911
853
70
591
958
615
495
810
767
965
832
822
173
822
672
152
585
265
667
22
104
298
297
850
286
550
984
155
33
153
228
606
824
885
977
509
748
408
687
808
691
104
651
302
210
606
947
430
889
62
683
357
497
40
125
901
896
619
991
481
460
69
922
120
121
779
767
784
387
700
245
810
806
759
615
842
536
377
831
751
462
837
707
716
610
889
125
960
387
221
709
26
111
856
264
909
674
925
352
353
385
217
507
668
35
758
539
19
312
870
330
79
860
460
188
564
557
918
585
655
22
788
898
785
331
701
267
821
319
540
90
720
470
755
50
628
373
865
85
151
476
964
228
606
682
940
253
576
961
157
824
978
159
53
108
348
242
832
129
349
197
213
832
35
111
155
48
92
613
932
965
498
957
135
849
949
174
768
583
177
512
721
424
19
906
524
778
794
965
594
583
359
279
964
408
739
382
709
746
671
531
709
5
31
272
983
930
164
779
704
953
432
950
851
186
82
27
767
231
932
501
539
88
52
472
988
824
292
400
702
633
534
207
183
733
925
591
524
341
587
540
978
454
827
133
952
29
343
1
522
204
294
581
106
86
262
813
124
485
869
497
632
595
731
103
755
717
993
802
379
118
93
79
40
286
882
508
206
377
213
503
994
788
333
806
865
835
395
314
290
861
338
586
107
187
664
897
372
717
214
357
221
313
867
477
550
628
279
515
158
940
687
494
271
595
777
165
609
108
3
38
816
867
579
886
461
982
301
313
985
80
725
406
212
15
210
763
361
334
970
749
565
359
757
649
279
738
440
629
317
335
23
148
180
110
15
594
944
156
536
120
340
681
185
368
475
757
219
313
498
775
676
80
151
553
468
781
249
358
850
488
255
148
96
29
564
334
230
616
36
620
66
961
480
850
477
189
596
89
369
798
221
367
206
944
720
483
802
378
180
498
367
741
132
485
59
210
955
631
931
228
656
633
662
594
49
454
233
435
948
364
787
785
708
703
654
108
115
590
759
250
953
691
374
938
970
995
635
762
770
949
632
381
411
565
316
816
410
963
453
474
357
776
205
393
189
630
82
396
869
891
704
242
348
74
928
552
152
290
482
95
387
793
334
593
606
909
236
781
530
72
800
984
90
957
283
309
651
797
905
706
708
846
356
967
565
533
19
394
928
91
240
996
536
41
750
