100 30 10
9400
7300
21400
9600
10600
8600
26500
26300
6100
28500
12800
25600
21900
20000
28400
25200
14400
28600
19200
20800
13000
7000
26100
6200
11300
18000
19600
18300
12500
11600
8300
14700
21500
24600
15600
19100
5800
10000
6300
18600
12000
22500
16500
8200
28100
15200
10900
14300
17800
6600
23400
21600
15100
6400
23600
10200
18200
22200
22400
21100
16900
29600
11900
12700
24900
27700
22800
27200
29500
7600
19300
5300
15900
9100
28700
8000
7800
14100
19900
5000
20100
16700
23900
7700
13300
29000
28200
15700
8800
10300
8100
23700
12300
6000
11000
8900
14000
6800
17000
17200
