1000 100
2400
7600
9800
3400
5500
5900
8900
9300
8500
2400
3100
1600
6200
700
3400
2200
2600
5700
5200
8300
7900
2100
5000
9900
1400
6700
9800
5600
5800
1500
600
8100
9900
3800
3400
7400
5100
1900
1000
1700
6200
1700
3900
3100
9500
6700
700
1600
5200
4700
8800
2200
2500
3300
9700
9200
6200
500
1100
7500
2300
9800
6500
9100
8800
9600
5800
5300
6000
1300
7800
5700
7100
4900
1600
5400
9500
2600
500
7400
8900
1600
8700
7900
9400
8600
7100
8600
8000
8600
4800
9600
6200
7500
8300
8100
2500
500
7300
5300
3500
8700
6800
4700
500
2800
2500
2600
3200
4900
3800
3600
8100
9600
5000
1000
3000
4000
6700
4600
1600
1200
5100
8400
5100
900
2900
8100
9300
2100
7100
5200
7500
3600
8700
7300
7700
3500
7000
6600
1800
3200
3700
6100
7000
7000
4300
8600
8100
5700
2800
1900
2300
4900
500
600
7500
2300
4800
3400
7400
800
2600
3900
7600
6700
7900
1100
2800
8500
1700
5600
9600
9100
6200
6200
2300
4800
4500
6400
9600
6600
3700
9800
6500
8300
2200
5600
4000
6900
3200
1900
3000
7400
1300
9600
4100
1600
1900
6300
7300
1000
4300
1600
5600
3700
4500
1400
9700
2500
9200
700
1800
2200
2900
2300
3000
1700
3800
1500
2600
7000
9400
1000
6700
6000
700
3200
2100
5500
1600
8700
900
1500
800
3400
7000
6700
2300
1200
7300
5600
6900
3300
9300
1300
1800
9200
8900
8400
8500
4700
7000
8600
3700
6000
2300
6700
9300
5700
4100
5500
1100
1000
1000
4800
6100
7200
8000
6000
6100
3800
7400
4000
3900
9600
8300
7600
5100
3800
4800
7900
6500
7700
2500
7700
4800
4500
7000
1600
9700
9900
9000
2000
3100
3700
700
5500
6500
5600
4900
1200
10000
6500
7900
6600
3600
1600
10000
6100
5400
7400
7100
1100
7700
6500
6100
3900
9600
3500
2700
7200
2000
600
4500
3800
7600
9800
9700
4100
4000
2200
700
900
2100
5100
1200
5400
2200
3500
5700
9800
9700
6200
5200
1800
7300
9500
4500
7200
9700
7500
2000
5200
3800
4500
4000
9000
5200
1400
7900
1300
600
9000
4100
1300
9100
8000
6200
3200
2200
2900
6400
2800
5400
7100
3000
4100
3400
2000
2800
4400
8000
5900
6600
9300
7500
7500
4400
4600
9500
4800
9800
2300
1700
4400
5500
6400
7900
9600
7900
4400
6500
7500
1700
3400
800
7200
8100
8100
1400
5300
4200
7700
5200
6500
1800
5500
9300
7100
2300
8600
3600
5500
7800
4800
5100
9300
4700
4000
8600
6800
7000
2400
5500
2800
6500
5200
5400
3600
6100
2100
2300
3100
8500
2200
6400
1100
5700
800
2200
8000
5800
3400
8800
6800
9800
7800
1600
6900
3700
2500
2600
4300
4800
4400
9600
2600
7600
8900
1000
5500
6800
9400
7600
8800
3900
4500
3600
1300
2300
6200
8300
5000
9400
5800
3900
6600
1800
8600
3800
8600
7400
1200
3800
8500
9000
8900
3300
9200
3000
2300
1100
4400
8700
1400
3100
900
8000
9500
9400
1200
8300
7500
6200
6000
7500
1200
5800
8200
1500
2600
2800
8100
6500
4500
700
4400
6300
5700
1200
2500
5100
2200
800
5600
6200
1900
9200
2000
5000
8200
6600
6400
8700
4400
1900
7500
2800
2300
2000
8500
3700
7500
1800
4100
6300
1000
2200
5600
2100
4600
1100
2600
2100
7200
4800
8900
7200
4600
2400
1400
4400
1700
5100
6500
2600
1000
5600
10000
4200
3000
5600
900
7500
900
7100
9100
1700
6000
2900
1100
3100
3200
8600
4700
7000
8900
2000
1400
3000
9700
3200
4000
900
9700
1900
6400
5000
1800
4600
8400
4400
3000
7300
500
9300
1500
9200
5400
3000
1000
7200
1800
5900
1100
1100
1000
7600
8000
9900
8500
1800
8400
6900
7600
8600
5700
2600
500
3300
9100
7500
9000
9000
6800
3500
1100
500
2800
3600
5000
4700
1700
1600
5800
7400
9200
7000
1200
3100
3900
6800
3600
600
6800
4700
4200
500
2500
4200
9600
7900
7200
2500
7300
3000
9800
1200
9800
5700
1200
1400
3000
2900
2600
4400
4900
2600
2700
8900
3200
5400
700
1000
2100
4900
3900
3700
9800
6500
2100
8000
8400
6300
10000
1300
3000
2300
8000
4500
1000
4300
1300
6300
2600
700
7000
8200
4900
10000
9900
2300
9700
5800
7800
1100
9500
4300
7600
7100
7600
3400
1200
7400
3100
2300
2400
5700
9900
500
7300
2600
7600
1200
7800
3400
7600
9500
4000
4700
7200
700
3900
600
7500
7900
1200
7500
5300
8600
10000
900
6200
1300
6500
2700
2100
5400
1300
3600
4500
5200
2500
9400
5600
7200
4900
9700
8600
8600
8000
8200
6800
2400
2200
7000
4700
8300
6100
1000
2200
2400
4000
9800
9400
6400
7600
2600
1100
2900
4400
3600
7900
2700
8500
1500
8800
7200
9300
6800
8200
3800
4100
3900
8900
1800
7900
1900
5700
7900
6500
3100
9000
9600
3700
9800
1200
5800
500
9000
9300
4000
7200
8400
9300
6200
6200
6600
6000
8900
5200
9000
1000
3500
6100
5400
1500
7600
6700
6400
5100
4800
4800
4800
8200
2300
1400
5600
9500
9900
8800
6400
6700
6500
9800
3700
1200
600
9200
3900
9400
7100
8400
5600
1100
9400
8600
3400
500
6400
1700
1400
4400
4900
4700
4400
4100
7400
7800
1700
700
7000
5300
3600
4700
5800
7600
8700
3000
4300
7800
7700
7700
900
2000
6700
8200
4700
6800
900
2300
4400
8400
3200
3400
8400
8000
3200
3300
3800
7200
7200
6300
9100
2800
5700
3200
9800
3600
5200
1400
2300
2300
4700
1000
2400
8400
6500
6000
8700
1600
8100
6700
5400
9100
8900
8900
7800
1600
1000
2700
2900
3200
7000
8800
3600
5800
10000
9600
1700
7400
6100
4800
7900
5800
5100
3300
8900
2400
8100
8400
3800
9100
1600
4900
8900
6300
5300
800
1800
6400
900
1900
4800
1300
700
6100
1700
6700
3100
2600
1600
6700
2700
8000
600
4000
6100
8000
