700 70
444
124
231
257
136
909
984
660
748
821
193
722
318
971
827
468
161
626
989
151
357
535
731
886
870
138
428
801
414
116
793
9
598
964
243
570
754
160
63
638
867
567
430
652
538
617
30
725
798
940
218
812
446
546
589
11
822
508
622
913
453
153
50
273
877
737
792
583
528
465
305
829
424
192
556
765
641
718
907
387
986
170
923
200
540
831
239
347
685
110
565
873
607
745
782
729
955
819
972
31
895
207
885
159
56
568
912
173
544
977
488
797
543
346
749
356
892
377
103
931
574
209
383
385
294
125
299
389
839
104
303
784
33
93
686
707
36
662
471
440
739
896
730
150
702
884
677
92
429
835
400
96
990
531
778
709
695
534
133
250
370
634
934
794
321
302
311
950
554
19
108
646
219
405
226
162
274
423
345
65
666
256
967
843
599
158
696
331
442
716
129
740
874
935
526
512
958
949
954
384
298
597
946
80
10
378
167
341
112
994
323
559
60
869
363
564
868
114
727
640
432
769
126
425
408
180
624
755
872
236
651
127
459
957
690
13
945
590
761
921
264
98
738
871
961
920
262
211
271
855
28
815
572
106
591
58
628
858
95
26
847
511
375
799
6
697
487
69
203
402
195
353
164
614
310
942
963
558
721
409
293
282
382
789
482
966
268
84
416
979
928
445
976
750
147
834
752
248
287
457
777
372
235
34
495
509
42
804
498
394
996
771
733
938
496
625
130
240
199
997
381
937
141
419
683
334
3
352
973
251
936
803
667
525
88
304
800
134
876
524
374
939
166
944
960
280
563
902
619
857
376
466
462
527
149
35
461
991
249
787
796
137
675
169
616
995
317
571
261
32
451
327
320
712
48
903
53
620
38
172
569
700
532
319
213
410
998
924
74
163
610
562
12
101
915
223
474
155
333
139
371
338
648
277
351
887
185
43
922
40
494
395
2
608
776
190
102
639
109
904
229
458
615
561
647
603
278
263
145
592
380
456
463
914
75
810
768
856
728
45
974
417
316
602
636
99
852
285
661
322
605
37
62
369
360
541
301
366
987
826
431
840
246
767
4
692
713
845
449
795
253
225
711
66
604
362
255
659
708
694
689
121
908
343
860
418
926
578
340
309
642
658
476
863
751
283
143
479
929
59
705
853
500
355
117
758
412
142
364
325
657
348
233
454
54
234
21
197
983
635
469
196
555
269
618
411
258
184
499
836
623
802
392
483
20
962
437
828
306
188
187
367
227
814
68
27
889
631
450
337
757
464
523
747
837
224
899
119
596
481
189
859
790
753
441
426
514
275
650
373
516
70
470
286
811
247
875
699
980
501
916
672
292
515
679
308
582
715
433
854
530
390
447
865
956
72
413
485
701
220
910
612
704
746
968
100
653
349
584
627
221
144
168
115
890
762
5
919
841
930
684
806
788
850
595
492
245
864
146
493
238
698
629
254
609
131
135
71
443
663
435
537
601
723
18
773
64
975
87
212
547
918
775
927
177
272
391
586
388
230
688
270
86
818
744
951
985
649
49
542
894
175
78
85
386
122
824
415
434
573
329
548
438
281
678
491
91
486
953
643
959
480
422
901
128
460
401
720
204
174
