8200 970
34
35
4
30
18
16
26
5
5
4
39
10
5
30
21
48
8
12
28
37
17
23
12
37
33
38
32
29
23
29
17
35
30
46
50
5
12
12
46
3
17
25
22
5
31
43
35
20
33
23
6
27
19
37
14
5
42
18
32
15
34
32
32
7
49
42
35
21
31
9
43
16
25
43
12
34
4
1
38
12
7
10
10
17
33
13
34
31
7
30
16
20
5
32
70
47
23
49
47
49
30
8
39
33
19
7
25
39
43
33
38
40
28
41
33
41
34
33
38
38
13
27
30
47
37
39
1
42
46
47
33
27
6
21
12
40
50
42
31
46
46
24
10
7
6
33
3
12
19
7
9
33
34
48
38
16
39
27
29
38
41
1
10
6
25
44
10
16
44
17
25
42
42
32
29
21
9
22
45
39
16
17
2
42
31
13
38
9
41
20
16
3
23
2
47
46
37
25
1
29
10
30
5
1
13
16
44
8
29
25
36
4
37
42
10
24
20
2
47
19
6
35
11
45
50
10
7
1
1
50
33
11
22
4
50
33
34
5
20
24
5
19
27
12
27
30
21
40
11
34
40
18
30
27
23
26
39
3
9
38
13
41
16
49
13
11
49
3
12
35
27
5
34
42
27
21
2
26
45
8
48
38
2
36
16
6
8
10
44
34
29
23
30
17
8
21
14
35
35
44
4
31
33
45
26
7
36
48
43
9
47
34
11
22
28
35
2
33
21
27
36
42
17
12
18
49
1
31
6
1
7
32
12
41
19
12
16
42
6
27
10
19
25
46
48
33
7
17
21
21
40
37
48
13
6
4
34
19
11
31
39
23
45
10
48
49
28
15
12
9
41
30
30
29
23
46
37
43
30
24
5
2
39
33
7
38
33
31
9
12
50
2
35
35
7
24
22
33
16
49
45
45
22
32
19
49
46
50
19
20
27
46
27
9
46
8
2
14
21
42
12
11
29
33
33
38
19
23
46
26
29
24
23
15
27
28
12
32
30
32
20
5
44
3
15
11
35
8
48
23
16
11
7
12
14
13
33
37
10
34
48
37
43
49
7
25
12
38
1
28
24
18
4
6
11
8
47
24
12
21
32
42
11
37
42
18
9
25
28
29
44
11
21
41
12
4
30
49
33
34
1
43
47
42
14
24
29
44
49
37
15
11
45
15
22
35
48
32
37
42
10
18
42
37
12
33
2
44
50
8
1
29
3
8
49
22
18
23
36
22
14
40
29
10
16
24
6
49
3
7
29
38
37
14
16
9
43
23
4
17
22
37
45
33
4
4
19
9
9
23
48
12
23
26
7
49
39
13
16
7
22
20
4
39
30
15
5
34
11
35
5
46
39
22
8
8
47
16
19
38
11
22
4
10
9
11
21
28
48
19
10
20
29
41
5
28
22
29
7
42
36
40
35
10
37
38
24
31
17
19
45
6
6
10
20
17
18
37
39
20
14
3
1
45
37
38
34
39
41
47
27
36
17
45
5
27
22
40
44
13
40
21
13
23
46
11
1
39
12
49
5
2
39
6
16
46
6
15
26
43
3
45
33
28
41
12
35
45
2
47
5
2
20
48
24
3
40
4
44
2
15
48
21
42
29
28
47
43
14
3
44
44
46
2
3
39
16
5
15
31
5
42
43
9
20
40
13
46
23
40
9
19
14
15
31
38
45
42
16
11
31
6
2
15
30
35
43
21
37
34
21
6
33
29
40
47
29
42
35
43
6
9
13
12
35
1
24
3
10
3
37
1
2
22
22
43
18
26
8
26
38
4
14
50
36
5
23
10
41
45
13
40
24
6
47
21
2
24
28
1
6
7
36
15
17
41
38
31
49
5
43
42
48
48
34
21
38
44
5
11
44
33
28
13
6
40
9
36
4
31
36
35
24
45
8
5
5
46
21
19
25
1
28
19
13
18
9
9
14
10
6
4
42
50
49
18
31
6
4
23
3
21
48
28
21
26
45
7
41
49
22
14
4
27
41
1
7
37
35
14
38
17
36
41
3
23
31
40
21
25
6
10
39
35
44
20
27
42
38
29
9
1
20
10
17
16
39
29
44
17
9
32
42
2
14
43
24
26
26
36
37
18
8
42
6
35
22
28
49
6
16
47
39
11
25
30
2
24
8
2
15
24
22
44
12
26
32
35
33
14
16
20
31
1
13
49
27
29
41
41
42
34
47
40
10
10
26
3
38
33
